#Layer_Color=9474304
#
#Feature symbol names
#
$0 r15
$1 r10
$2 r4
$3 r16

#
#Feature attribute names
#

#
#Layer features
#
L 0.1778865 4.2549922 0.1778865 4.7049922 0 P 0
L 0.1778865 4.2549922 10.6989691 4.2549922 0 P 0
L 0.1778865 4.4049922 10.6989691 4.4049922 0 P 0
L 0.1778865 4.5549922 10.6989691 4.5549922 0 P 0
L 0.1778865 4.7049922 10.6989691 4.7049922 0 P 0
L 0.2371238 0.855 0.2371238 0.895 2 P 0
L 0.2371238 0.855 0.2771238 0.855 2 P 0
L 0.2371238 0.895 0.2771238 0.895 2 P 0
L 0.2376782 4.4499922 0.2376782 4.5166588 1 P 0
L 0.2376782 4.4499922 0.3043448 4.4499922 1 P 0
L 0.2376782 4.5166588 0.3043448 4.5166588 1 P 0
L 0.267 0.799 0.267 0.839 2 P 0
L 0.267 0.799 0.307 0.799 2 P 0
L 0.267 0.839 0.307 0.839 2 P 0
L 0.2678865 4.6479767 0.2798826 4.6359806 3 P 0
L 0.2678865 4.6599728 0.2678865 4.6479767 3 P 0
L 0.2771238 0.855 0.2771238 0.895 2 P 0
L 0.2785236 0.9365681 0.2785236 0.9765681 2 P 0
L 0.2785236 0.9365681 0.3185236 0.9365681 2 P 0
L 0.2785236 0.9765681 0.3185236 0.9765681 2 P 0
L 0.2798826 4.5999922 0.2678865 4.6119883 3 P 0
L 0.2798826 4.6359806 0.3038749 4.6359806 3 P 0
L 0.2798826 4.6719689 0.2678865 4.6599728 3 P 0
L 0.2986318 0.8353985 0.2986318 0.8753985 2 P 0
L 0.2986318 0.8353985 0.3386318 0.8353985 2 P 0
L 0.2986318 0.8753985 0.3386318 0.8753985 2 P 0
L 0.3038749 4.5999922 0.2798826 4.5999922 3 P 0
L 0.3038749 4.6359806 0.315871 4.6239844 3 P 0
L 0.3038749 4.6719689 0.2798826 4.6719689 3 P 0
L 0.3043448 4.4499922 0.3043448 4.5166588 1 P 0
L 0.307 0.799 0.307 0.839 2 P 0
L 0.3078867 0.7143986 0.3078867 0.7543986 2 P 0
L 0.3078867 0.7143986 0.3478867 0.7143986 2 P 0
L 0.3078867 0.7543986 0.3478867 0.7543986 2 P 0
L 0.315871 4.6119883 0.3038749 4.5999922 3 P 0
L 0.315871 4.6239844 0.315871 4.6119883 3 P 0
L 0.315871 4.6599728 0.3038749 4.6719689 3 P 0
L 0.3185236 0.9365681 0.3185236 0.9765681 2 P 0
L 0.3248867 1.0154461 0.3248867 1.0554461 2 P 0
L 0.3248867 1.0154461 0.3648867 1.0154461 2 P 0
L 0.3248867 1.0554461 0.3648867 1.0554461 2 P 0
L 0.3386318 0.8353985 0.3386318 0.8753985 2 P 0
L 0.3398632 4.6119883 0.3518593 4.5999922 3 P 0
L 0.3398632 4.6479767 0.3398632 4.6119883 3 P 0
L 0.3478867 0.7143986 0.3478867 0.7543986 2 P 0
L 0.3486278 0.7879273 0.3486278 0.8279273 2 P 0
L 0.3486278 0.7879273 0.3886278 0.7879273 2 P 0
L 0.3486278 0.8279273 0.3886278 0.8279273 2 P 0
L 0.3518593 4.5999922 0.3878477 4.5999922 3 P 0
L 0.3548867 0.6343984 0.3548867 0.6743984 2 P 0
L 0.3548867 0.6343984 0.3948867 0.6343984 2 P 0
L 0.3548867 0.6743984 0.3948867 0.6743984 2 P 0
L 0.3625717 0.9380497 0.3625717 0.9780497 2 P 0
L 0.3625717 0.9380497 0.4025717 0.9380497 2 P 0
L 0.3625717 0.9780497 0.4025717 0.9780497 2 P 0
L 0.3648867 1.0154461 0.3648867 1.0554461 2 P 0
L 0.3705235 1.0935683 0.3705235 1.1335683 2 P 0
L 0.3705235 1.0935683 0.4105235 1.0935683 2 P 0
L 0.3705235 1.1335683 0.4105235 1.1335683 2 P 0
L 0.3758516 4.576 0.3638554 4.576 3 P 0
L 0.3878477 4.5879961 0.3758516 4.576 3 P 0
L 0.3878477 4.5999922 0.3878477 4.5879961 3 P 0
L 0.3878477 4.5999922 0.3878477 4.6479767 3 P 0
L 0.3886278 0.7879273 0.3886278 0.8279273 2 P 0
L 0.3948867 0.6343984 0.3948867 0.6743984 2 P 0
L 0.3956278 0.7079273 0.3956278 0.7479273 2 P 0
L 0.3956278 0.7079273 0.4356278 0.7079273 2 P 0
L 0.3956278 0.7479273 0.4356278 0.7479273 2 P 0
L 0.3978867 0.5553984 0.3978867 0.5953984 2 P 0
L 0.3978867 0.5553984 0.4378867 0.5553984 2 P 0
L 0.3978867 0.5953984 0.4378867 0.5953984 2 P 0
L 0.4025717 0.9380497 0.4025717 0.9780497 2 P 0
L 0.4089349 1.0169275 0.4089349 1.0569275 2 P 0
L 0.4089349 1.0169275 0.4489349 1.0169275 2 P 0
L 0.4089349 1.0569275 0.4489349 1.0569275 2 P 0
L 0.4105235 1.0935683 0.4105235 1.1335683 2 P 0
L 0.4118399 4.5999922 0.4118399 4.6479767 3 P 0
L 0.4118399 4.6479767 0.423836 4.6479767 3 P 0
L 0.4165234 1.1725682 0.4165234 1.2125682 2 P 0
L 0.4165234 1.1725682 0.4565234 1.1725682 2 P 0
L 0.4165234 1.2125682 0.4565234 1.2125682 2 P 0
L 0.423836 4.6479767 0.4358321 4.6359806 3 P 0
L 0.4356278 0.7079273 0.4356278 0.7479273 2 P 0
L 0.4358321 4.5999922 0.4358321 4.6359806 3 P 0
L 0.4358321 4.6359806 0.4358321 4.5999922 3 P 0
L 0.4358321 4.6359806 0.4478283 4.6479767 3 P 0
L 0.4378867 0.5553984 0.4378867 0.5953984 2 P 0
L 0.4386278 0.6289273 0.4386278 0.6689273 2 P 0
L 0.4386278 0.6289273 0.4786278 0.6289273 2 P 0
L 0.4386278 0.6689273 0.4786278 0.6689273 2 P 0
L 0.4438868 0.4763985 0.4438868 0.5163985 2 P 0
L 0.4438868 0.4763985 0.4838868 0.4763985 2 P 0
L 0.4438868 0.5163985 0.4838868 0.5163985 2 P 0
L 0.4478283 4.6479767 0.4598244 4.6359806 3 P 0
L 0.4489349 1.0169275 0.4489349 1.0569275 2 P 0
L 0.4553618 1.0949294 0.4553618 1.1349294 2 P 0
L 0.4553618 1.0949294 0.4953618 1.0949294 2 P 0
L 0.4553618 1.1349294 0.4953618 1.1349294 2 P 0
L 0.4565234 1.1725682 0.4565234 1.2125682 2 P 0
L 0.4598244 4.6359806 0.4598244 4.5999922 3 P 0
L 0.4635234 1.2495682 0.4635234 1.2895682 2 P 0
L 0.4635234 1.2495682 0.5035234 1.2495682 2 P 0
L 0.4635234 1.2895682 0.5035234 1.2895682 2 P 0
L 0.4786278 0.6289273 0.4786278 0.6689273 2 P 0
L 0.4838166 4.5999922 0.519805 4.5999922 3 P 0
L 0.4838166 4.6719689 0.4838166 4.5999922 3 P 0
L 0.4838868 0.4763985 0.4838868 0.5163985 2 P 0
L 0.4846278 0.5499272 0.4846278 0.5899272 2 P 0
L 0.4846278 0.5499272 0.5246278 0.5499272 2 P 0
L 0.4846278 0.5899272 0.5246278 0.5899272 2 P 0
L 0.4912401 0.3977337 0.4912401 0.4377337 2 P 0
L 0.4912401 0.3977337 0.5312401 0.3977337 2 P 0
L 0.4912401 0.4377337 0.5312401 0.4377337 2 P 0
L 0.4953618 1.0949294 0.4953618 1.1349294 2 P 0
L 0.5005717 1.1740498 0.5005717 1.2140498 2 P 0
L 0.5005717 1.1740498 0.5405717 1.1740498 2 P 0
L 0.5005717 1.2140498 0.5405717 1.2140498 2 P 0
L 0.5035234 1.2495682 0.5035234 1.2895682 2 P 0
L 0.519805 4.5999922 0.5318011 4.6119883 3 P 0
L 0.519805 4.6479767 0.4838166 4.6479767 3 P 0
L 0.5246278 0.5499272 0.5246278 0.5899272 2 P 0
L 0.5312401 0.3977337 0.5312401 0.4377337 2 P 0
L 0.5318011 4.6119883 0.5318011 4.6239844 3 P 0
L 0.5318011 4.6239844 0.5318011 4.6359806 3 P 0
L 0.5318011 4.6359806 0.519805 4.6479767 3 P 0
L 0.5319812 0.4712624 0.5319812 0.5112624 2 P 0
L 0.5319812 0.4712624 0.5719812 0.4712624 2 P 0
L 0.5319812 0.5112624 0.5719812 0.5112624 2 P 0
L 0.5405717 1.1740498 0.5405717 1.2140498 2 P 0
L 0.5468381 1.3665125 0.5468381 1.4065125 2 P 0
L 0.5468381 1.3665125 0.5868381 1.3665125 2 P 0
L 0.5468381 1.4065125 0.5868381 1.4065125 2 P 0
L 0.5475717 1.2510498 0.5475717 1.2910498 2 P 0
L 0.5475717 1.2510498 0.5875717 1.2510498 2 P 0
L 0.5475717 1.2910498 0.5875717 1.2910498 2 P 0
L 0.5541418 0.3596569 0.5541418 0.3996569 2 P 0
L 0.5541418 0.3596569 0.5941418 0.3596569 2 P 0
L 0.5541418 0.3996569 0.5941418 0.3996569 2 P 0
L 0.5557933 4.6119883 0.5677894 4.5999922 3 P 0
L 0.5557933 4.6359806 0.5557933 4.6119883 3 P 0
L 0.5677894 4.5999922 0.5917817 4.5999922 3 P 0
L 0.5677894 4.6479767 0.5557933 4.6359806 3 P 0
L 0.5718583 0.3903429 0.5718583 0.4303429 2 P 0
L 0.5718583 0.3903429 0.6118583 0.3903429 2 P 0
L 0.5718583 0.4303429 0.6118583 0.4303429 2 P 0
L 0.5719812 0.4712624 0.5719812 0.5112624 2 P 0
L 0.5868381 1.3665125 0.5868381 1.4065125 2 P 0
L 0.5875717 1.2510498 0.5875717 1.2910498 2 P 0
L 0.5917817 4.5999922 0.6037778 4.6119883 3 P 0
L 0.5917817 4.6479767 0.5677894 4.6479767 3 P 0
L 0.5941418 0.3596569 0.5941418 0.3996569 2 P 0
L 0.6037778 4.6119883 0.6037778 4.6359806 3 P 0
L 0.6037778 4.6359806 0.5917817 4.6479767 3 P 0
L 0.605 1.332 0.605 1.372 2 P 0
L 0.605 1.332 0.645 1.332 2 P 0
L 0.605 1.372 0.645 1.372 2 P 0
L 0.6118583 0.3903429 0.6118583 0.4303429 2 P 0
L 0.62777 4.5999922 0.6517622 4.5999922 3 P 0
L 0.6397661 4.5999922 0.6397661 4.6719689 3 P 0
L 0.6397661 4.6719689 0.62777 4.6719689 3 P 0
L 0.6410001 1.379 0.6410001 1.419 2 P 0
L 0.6410001 1.379 0.6810001 1.379 2 P 0
L 0.6410001 1.419 0.6810001 1.419 2 P 0
L 0.6416908 0.3996349 0.6416908 0.4396349 2 P 0
L 0.6416908 0.3996349 0.6816908 0.3996349 2 P 0
L 0.6416908 0.4396349 0.6816908 0.4396349 2 P 0
L 0.645 1.332 0.645 1.372 2 P 0
L 0.6517622 4.5999922 0.6397661 4.5999922 3 P 0
L 0.6810001 1.379 0.6810001 1.419 2 P 0
L 0.6816908 0.3996349 0.6816908 0.4396349 2 P 0
L 0.6843072 1.3069528 0.6843072 1.3469528 2 P 0
L 0.6843072 1.3069528 0.7243072 1.3069528 2 P 0
L 0.6843072 1.3469528 0.7243072 1.3469528 2 P 0
L 0.6849981 0.3275878 0.6849981 0.3675878 2 P 0
L 0.6849981 0.3275878 0.7249981 0.3275878 2 P 0
L 0.6849981 0.3675878 0.7249981 0.3675878 2 P 0
L 0.7243072 1.3069528 0.7243072 1.3469528 2 P 0
L 0.7249981 0.3275878 0.7249981 0.3675878 2 P 0
L 0.7287622 4.2549922 0.7287622 4.7049922 0 P 0
L 0.731 1.379 0.731 1.419 2 P 0
L 0.731 1.379 0.771 1.379 2 P 0
L 0.731 1.419 0.771 1.419 2 P 0
L 0.7319409 0.4006349 0.7319409 0.4406349 2 P 0
L 0.7319409 0.4006349 0.7719409 0.4006349 2 P 0
L 0.7319409 0.4406349 0.7719409 0.4406349 2 P 0
L 0.771 1.379 0.771 1.419 2 P 0
L 0.7719409 0.4006349 0.7719409 0.4406349 2 P 0
L 0.7737622 4.309989 0.7737622 4.2999922 1 P 0
L 0.7737622 4.3599728 0.8137493 4.3599728 1 P 0
L 0.7737622 4.459989 0.7737622 4.4499922 1 P 0
L 0.7737622 4.5099728 0.8137493 4.5099728 1 P 0
L 0.7737622 4.6119883 0.7857583 4.5999922 3 P 0
L 0.7737622 4.6599728 0.7737622 4.6119883 3 P 0
L 0.7748584 1.3061784 0.7748584 1.3461784 2 P 0
L 0.7748584 1.3061784 0.8148584 1.3061784 2 P 0
L 0.7748584 1.3461784 0.8148584 1.3461784 2 P 0
L 0.7752481 0.3285877 0.7752481 0.3685877 2 P 0
L 0.7752481 0.3285877 0.8152481 0.3285877 2 P 0
L 0.7752481 0.3685877 0.8152481 0.3685877 2 P 0
L 0.7857583 4.5999922 0.8097506 4.5999922 3 P 0
L 0.7857583 4.6719689 0.7737622 4.6599728 3 P 0
L 0.8097506 4.5999922 0.8217467 4.6119883 3 P 0
L 0.8097506 4.6719689 0.7857583 4.6719689 3 P 0
L 0.8137493 4.349976 0.7737622 4.309989 1 P 0
L 0.8137493 4.3599728 0.8137493 4.349976 1 P 0
L 0.8137493 4.499976 0.7737622 4.459989 1 P 0
L 0.8137493 4.5099728 0.8137493 4.499976 1 P 0
L 0.8148584 1.3061784 0.8148584 1.3461784 2 P 0
L 0.8152481 0.3285877 0.8152481 0.3685877 2 P 0
L 0.8209999 1.379 0.8209999 1.419 2 P 0
L 0.8209999 1.379 0.8609999 1.379 2 P 0
L 0.8209999 1.419 0.8609999 1.419 2 P 0
L 0.8217467 4.6599728 0.8097506 4.6719689 3 P 0
L 0.8221909 0.4006349 0.8221909 0.4406349 2 P 0
L 0.8221909 0.4006349 0.8621909 0.4006349 2 P 0
L 0.8221909 0.4406349 0.8621909 0.4406349 2 P 0
L 0.8337428 4.349976 0.8437396 4.3599728 1 P 0
L 0.8337428 4.499976 0.8437396 4.5099728 1 P 0
L 0.8437396 4.2999922 0.8337428 4.309989 1 P 0
L 0.8437396 4.3599728 0.8637331 4.3599728 1 P 0
L 0.8437396 4.4499922 0.8337428 4.459989 1 P 0
L 0.8437396 4.5099728 0.8637331 4.5099728 1 P 0
L 0.8457389 4.6119883 0.857735 4.5999922 3 P 0
L 0.8457389 4.6359806 0.8457389 4.6119883 3 P 0
L 0.8537363 4.3299825 0.8637331 4.3299825 1 P 0
L 0.8537363 4.4799825 0.8637331 4.4799825 1 P 0
L 0.857735 4.5999922 0.8817273 4.5999922 3 P 0
L 0.857735 4.6479767 0.8457389 4.6359806 3 P 0
L 0.8609999 1.379 0.8609999 1.419 2 P 0
L 0.8621909 0.4006349 0.8621909 0.4406349 2 P 0
L 0.8637331 4.2999922 0.8437396 4.2999922 1 P 0
L 0.8637331 4.3299825 0.8537363 4.3299825 1 P 0
L 0.8637331 4.3299825 0.8737299 4.3199857 1 P 0
L 0.8637331 4.3599728 0.8737299 4.349976 1 P 0
L 0.8637331 4.4499922 0.8437396 4.4499922 1 P 0
L 0.8637331 4.4799825 0.8537363 4.4799825 1 P 0
L 0.8637331 4.4799825 0.8737299 4.4699857 1 P 0
L 0.8637331 4.5099728 0.8737299 4.499976 1 P 0
L 0.8643071 1.3069529 0.8643071 1.3469529 2 P 0
L 0.8643071 1.3069529 0.9043071 1.3069529 2 P 0
L 0.8643071 1.3469529 0.9043071 1.3469529 2 P 0
L 0.8654981 0.3285877 0.8654981 0.3685877 2 P 0
L 0.8654981 0.3285877 0.9054981 0.3285877 2 P 0
L 0.8654981 0.3685877 0.9054981 0.3685877 2 P 0
L 0.8737299 4.309989 0.8637331 4.2999922 1 P 0
L 0.8737299 4.3199857 0.8737299 4.309989 1 P 0
L 0.8737299 4.3399793 0.8637331 4.3299825 1 P 0
L 0.8737299 4.349976 0.8737299 4.3399793 1 P 0
L 0.8737299 4.459989 0.8637331 4.4499922 1 P 0
L 0.8737299 4.4699857 0.8737299 4.459989 1 P 0
L 0.8737299 4.4899793 0.8637331 4.4799825 1 P 0
L 0.8737299 4.499976 0.8737299 4.4899793 1 P 0
L 0.8817273 4.5999922 0.8937234 4.6119883 3 P 0
L 0.8817273 4.6479767 0.857735 4.6479767 3 P 0
L 0.8937234 4.6119883 0.8937234 4.6359806 3 P 0
L 0.8937234 4.6359806 0.8817273 4.6479767 3 P 0
L 0.9043071 1.3069529 0.9043071 1.3469529 2 P 0
L 0.9054981 0.3285877 0.9054981 0.3685877 2 P 0
L 0.9110002 1.3790001 0.9110002 1.4190001 2 P 0
L 0.9110002 1.3790001 0.9510002 1.3790001 2 P 0
L 0.9110002 1.4190001 0.9510002 1.4190001 2 P 0
L 0.9124409 0.3996349 0.9124409 0.4396349 2 P 0
L 0.9124409 0.3996349 0.9524409 0.3996349 2 P 0
L 0.9124409 0.4396349 0.9524409 0.4396349 2 P 0
L 0.9177156 4.6119883 0.9297117 4.5999922 3 P 0
L 0.9177156 4.6479767 0.9177156 4.6119883 3 P 0
L 0.9297117 4.5999922 0.9657001 4.5999922 3 P 0
L 0.9510002 1.3790001 0.9510002 1.4190001 2 P 0
L 0.9524409 0.3996349 0.9524409 0.4396349 2 P 0
L 0.953704 4.3599728 0.9936911 4.3599728 1 P 0
L 0.9543069 1.3069527 0.9543069 1.3469527 2 P 0
L 0.9543069 1.3069527 0.9943069 1.3069527 2 P 0
L 0.9543069 1.3469527 0.9943069 1.3469527 2 P 0
L 0.9557481 0.3275877 0.9557481 0.3675877 2 P 0
L 0.9557481 0.3275877 0.9957481 0.3275877 2 P 0
L 0.9557481 0.3675877 0.9957481 0.3675877 2 P 0
L 0.9657001 4.5999922 0.9657001 4.6479767 3 P 0
L 0.9736975 4.3599728 0.9736975 4.2999922 1 P 0
L 0.9896923 4.5999922 0.9896923 4.6479767 3 P 0
L 0.9896923 4.6479767 1.0256807 4.6479767 3 P 0
L 0.9936911 4.3599728 0.9736975 4.3599728 1 P 0
L 0.9943069 1.3069527 0.9943069 1.3469527 2 P 0
L 0.9957481 0.3275877 0.9957481 0.3675877 2 P 0
L 1.0009998 1.379 1.0009998 1.419 2 P 0
L 1.0009998 1.379 1.0409998 1.379 2 P 0
L 1.0009998 1.419 1.0409998 1.419 2 P 0
L 1.0026909 0.3996349 1.0026909 0.4396349 2 P 0
L 1.0026909 0.3996349 1.0426909 0.3996349 2 P 0
L 1.0026909 0.4396349 1.0426909 0.4396349 2 P 0
L 1.0136846 4.309989 1.0236814 4.2999922 1 P 0
L 1.0136846 4.3299825 1.0136846 4.309989 1 P 0
L 1.0236814 4.2999922 1.0436749 4.2999922 1 P 0
L 1.0236814 4.3399793 1.0136846 4.3299825 1 P 0
L 1.0256807 4.6479767 1.0376768 4.6359806 3 P 0
L 1.0376768 4.6359806 1.0376768 4.5999922 3 P 0
L 1.0409998 1.379 1.0409998 1.419 2 P 0
L 1.0426909 0.3996349 1.0426909 0.4396349 2 P 0
L 1.0436749 4.2999922 1.0536717 4.309989 1 P 0
L 1.0436749 4.3399793 1.0236814 4.3399793 1 P 0
L 1.044307 1.3069528 1.044307 1.3469528 2 P 0
L 1.044307 1.3069528 1.084307 1.3069528 2 P 0
L 1.044307 1.3469528 1.084307 1.3469528 2 P 0
L 1.0459981 0.3275877 1.0459981 0.3675877 2 P 0
L 1.0459981 0.3275877 1.0859981 0.3275877 2 P 0
L 1.0459981 0.3675877 1.0859981 0.3675877 2 P 0
L 1.0536717 4.309989 1.0536717 4.3299825 1 P 0
L 1.0536717 4.3299825 1.0436749 4.3399793 1 P 0
L 1.061669 4.6479767 1.0856612 4.6479767 3 P 0
L 1.0736651 4.6119883 1.0856612 4.5999922 3 P 0
L 1.0736651 4.6479767 1.061669 4.6479767 3 P 0
L 1.0736651 4.6479767 1.0736651 4.6119883 3 P 0
L 1.0736651 4.6599728 1.0736651 4.6479767 3 P 0
L 1.0736652 4.3399793 1.0936587 4.3399793 1 P 0
L 1.083662 4.309989 1.0936587 4.2999922 1 P 0
L 1.083662 4.3399793 1.0736652 4.3399793 1 P 0
L 1.083662 4.3399793 1.083662 4.309989 1 P 0
L 1.083662 4.349976 1.083662 4.3399793 1 P 0
L 1.084307 1.3069528 1.084307 1.3469528 2 P 0
L 1.0856612 4.6479767 1.0736651 4.6479767 3 P 0
L 1.0859981 0.3275877 1.0859981 0.3675877 2 P 0
L 1.089 0.41 1.089 0.45 2 P 0
L 1.089 0.41 1.129 0.41 2 P 0
L 1.089 0.45 1.129 0.45 2 P 0
L 1.0936587 4.3399793 1.083662 4.3399793 1 P 0
L 1.11 1.304 1.11 1.344 2 P 0
L 1.11 1.304 1.15 1.304 2 P 0
L 1.11 1.344 1.15 1.344 2 P 0
L 1.1209911 0.4467948 1.1209911 0.4867948 2 P 0
L 1.1209911 0.4467948 1.1609911 0.4467948 2 P 0
L 1.1209911 0.4867948 1.1609911 0.4867948 2 P 0
L 1.123649 4.309989 1.1336458 4.3199857 1 P 0
L 1.129 0.41 1.129 0.45 2 P 0
L 1.1336458 4.2999922 1.123649 4.309989 1 P 0
L 1.1336458 4.3199857 1.1636361 4.3199857 1 P 0
L 1.1336458 4.3399793 1.1536393 4.3399793 1 P 0
L 1.1408582 1.3593431 1.1408582 1.3993431 2 P 0
L 1.1408582 1.3593431 1.1808582 1.3593431 2 P 0
L 1.1408582 1.3993431 1.1808582 1.3993431 2 P 0
L 1.1465816 1.2215822 1.1465816 1.2615822 2 P 0
L 1.1465816 1.2215822 1.1865816 1.2215822 2 P 0
L 1.1465816 1.2615822 1.1865816 1.2615822 2 P 0
L 1.15 1.304 1.15 1.344 2 P 0
L 1.1536393 4.3399793 1.1636361 4.3299825 1 P 0
L 1.1609911 0.4467948 1.1609911 0.4867948 2 P 0
L 1.1636361 4.2999922 1.1336458 4.2999922 1 P 0
L 1.1636361 4.3299825 1.1636361 4.2999922 1 P 0
L 1.1659911 0.5257948 1.1659911 0.5657948 2 P 0
L 1.1659911 0.5257948 1.2059911 0.5257948 2 P 0
L 1.1659911 0.5657948 1.2059911 0.5657948 2 P 0
L 1.175 0.367 1.175 0.407 2 P 0
L 1.175 0.367 1.215 0.367 2 P 0
L 1.175 0.407 1.215 0.407 2 P 0
L 1.1808582 1.3593431 1.1808582 1.3993431 2 P 0
L 1.1836296 4.2999922 1.2036231 4.2999922 1 P 0
L 1.1865816 1.2215822 1.1865816 1.2615822 2 P 0
L 1.1873227 1.2951109 1.1873227 1.3351109 2 P 0
L 1.1873227 1.2951109 1.2273227 1.2951109 2 P 0
L 1.1873227 1.3351109 1.2273227 1.3351109 2 P 0
L 1.1929349 1.1409174 1.1929349 1.1809174 2 P 0
L 1.1929349 1.1409174 1.2329349 1.1409174 2 P 0
L 1.1929349 1.1809174 1.2329349 1.1809174 2 P 0
L 1.1936264 4.2999922 1.1936264 4.3599728 1 P 0
L 1.1936264 4.3599728 1.1836296 4.3599728 1 P 0
L 1.2036231 4.2999922 1.1936264 4.2999922 1 P 0
L 1.2050394 0.4482763 1.2050394 0.4882763 2 P 0
L 1.2050394 0.4482763 1.2450394 0.4482763 2 P 0
L 1.2050394 0.4882763 1.2450394 0.4882763 2 P 0
L 1.2059911 0.5257948 1.2059911 0.5657948 2 P 0
L 1.2129911 0.6067948 1.2129911 0.6467948 2 P 0
L 1.2129911 0.6067948 1.2529911 0.6067948 2 P 0
L 1.2129911 0.6467948 1.2529911 0.6467948 2 P 0
L 1.215 0.367 1.215 0.407 2 P 0
L 1.2273227 1.2951109 1.2273227 1.3351109 2 P 0
L 1.2329349 1.1409174 1.2329349 1.1809174 2 P 0
L 1.233676 1.2144461 1.233676 1.2544461 2 P 0
L 1.233676 1.2144461 1.273676 1.2144461 2 P 0
L 1.233676 1.2544461 1.273676 1.2544461 2 P 0
L 1.2405816 1.0595822 1.2405816 1.0995822 2 P 0
L 1.2405816 1.0595822 1.2805816 1.0595822 2 P 0
L 1.2405816 1.0995822 1.2805816 1.0995822 2 P 0
L 1.2450394 0.4482763 1.2450394 0.4882763 2 P 0
L 1.2500394 0.5272763 1.2500394 0.5672763 2 P 0
L 1.2500394 0.5272763 1.2900394 0.5272763 2 P 0
L 1.2500394 0.5672763 1.2900394 0.5672763 2 P 0
L 1.2529911 0.6067948 1.2529911 0.6467948 2 P 0
L 1.2599911 0.6867947 1.2599911 0.7267947 2 P 0
L 1.2599911 0.6867947 1.2999911 0.6867947 2 P 0
L 1.2599911 0.7267947 1.2999911 0.7267947 2 P 0
L 1.2686231 4.2549922 1.2686231 4.7049922 0 P 0
L 1.273676 1.2144461 1.273676 1.2544461 2 P 0
L 1.2805816 1.0595822 1.2805816 1.0995822 2 P 0
L 1.2813227 1.1331109 1.2813227 1.1731109 2 P 0
L 1.2813227 1.1331109 1.3213227 1.1331109 2 P 0
L 1.2813227 1.1731109 1.3213227 1.1731109 2 P 0
L 1.2885817 0.9805822 1.2885817 1.0205822 2 P 0
L 1.2885817 0.9805822 1.3285817 0.9805822 2 P 0
L 1.2885817 1.0205822 1.3285817 1.0205822 2 P 0
L 1.2900394 0.5272763 1.2900394 0.5672763 2 P 0
L 1.2970394 0.6082763 1.2970394 0.6482763 2 P 0
L 1.2970394 0.6082763 1.3370394 0.6082763 2 P 0
L 1.2970394 0.6482763 1.3370394 0.6482763 2 P 0
L 1.2999911 0.6867947 1.2999911 0.7267947 2 P 0
L 1.3079911 0.7657947 1.3079911 0.8057947 2 P 0
L 1.3079911 0.7657947 1.3479911 0.7657947 2 P 0
L 1.3079911 0.8057947 1.3479911 0.8057947 2 P 0
L 1.3136231 4.459989 1.3136231 4.4699857 1 P 0
L 1.3136231 4.4699857 1.3236199 4.4799825 1 P 0
L 1.3136231 4.4899793 1.3136231 4.499976 1 P 0
L 1.3136231 4.499976 1.3236199 4.5099728 1 P 0
L 1.3136231 4.5999922 1.3136231 4.6359806 3 P 0
L 1.3136231 4.6359806 1.3616076 4.6359806 3 P 0
L 1.3136231 4.6719689 1.3136231 4.5999922 3 P 0
L 1.3213227 1.1331109 1.3213227 1.1731109 2 P 0
L 1.3236199 4.4499922 1.3136231 4.459989 1 P 0
L 1.3236199 4.4799825 1.3136231 4.4899793 1 P 0
L 1.3236199 4.4799825 1.3436134 4.4799825 1 P 0
L 1.3236199 4.5099728 1.3436134 4.5099728 1 P 0
L 1.3285817 0.9805822 1.3285817 1.0205822 2 P 0
L 1.3293228 1.054111 1.3293228 1.094111 2 P 0
L 1.3293228 1.054111 1.3693228 1.054111 2 P 0
L 1.3293228 1.094111 1.3693228 1.094111 2 P 0
L 1.3335815 0.899582 1.3335815 0.939582 2 P 0
L 1.3335815 0.899582 1.3735815 0.899582 2 P 0
L 1.3335815 0.939582 1.3735815 0.939582 2 P 0
L 1.3370394 0.6082763 1.3370394 0.6482763 2 P 0
L 1.3436134 4.4499922 1.3236199 4.4499922 1 P 0
L 1.3436134 4.4799825 1.3536102 4.4699857 1 P 0
L 1.3436134 4.5099728 1.3536102 4.499976 1 P 0
L 1.3440395 0.6882763 1.3440395 0.7282763 2 P 0
L 1.3440395 0.6882763 1.3840395 0.6882763 2 P 0
L 1.3440395 0.7282763 1.3840395 0.7282763 2 P 0
L 1.3479911 0.7657947 1.3479911 0.8057947 2 P 0
L 1.3536102 4.459989 1.3436134 4.4499922 1 P 0
L 1.3536102 4.4699857 1.3536102 4.459989 1 P 0
L 1.3536102 4.4899793 1.3436134 4.4799825 1 P 0
L 1.3536102 4.499976 1.3536102 4.4899793 1 P 0
L 1.3616076 4.6359806 1.3616076 4.6719689 3 P 0
L 1.3616076 4.6719689 1.3616076 4.5999922 3 P 0
L 1.362 0.8444446 1.362 0.8844446 2 P 0
L 1.362 0.8444446 1.402 0.8444446 2 P 0
L 1.362 0.8844446 1.402 0.8844446 2 P 0
L 1.3693228 1.054111 1.3693228 1.094111 2 P 0
L 1.3735815 0.899582 1.3735815 0.939582 2 P 0
L 1.3736037 4.4499922 1.3736037 4.459989 1 P 0
L 1.3736037 4.459989 1.3836005 4.459989 1 P 0
L 1.3743227 0.9731109 1.3743227 1.0131109 2 P 0
L 1.3743227 0.9731109 1.4143227 0.9731109 2 P 0
L 1.3743227 1.0131109 1.4143227 1.0131109 2 P 0
L 1.3836005 4.4499922 1.3736037 4.4499922 1 P 0
L 1.3836005 4.459989 1.3836005 4.4499922 1 P 0
L 1.3840395 0.6882763 1.3840395 0.7282763 2 P 0
L 1.3855998 4.6119883 1.3975959 4.5999922 3 P 0
L 1.3855998 4.6359806 1.3855998 4.6119883 3 P 0
L 1.3920395 0.7672763 1.3920395 0.8072763 2 P 0
L 1.3920395 0.7672763 1.4320395 0.7672763 2 P 0
L 1.3920395 0.8072763 1.4320395 0.8072763 2 P 0
L 1.3975959 4.5999922 1.4215882 4.5999922 3 P 0
L 1.3975959 4.6479767 1.3855998 4.6359806 3 P 0
L 1.402 0.8444446 1.402 0.8844446 2 P 0
L 1.4143227 0.9731109 1.4143227 1.0131109 2 P 0
L 1.4215882 4.5999922 1.4335843 4.6119883 3 P 0
L 1.4215882 4.6479767 1.3975959 4.6479767 3 P 0
L 1.4235875 4.459989 1.4235875 4.499976 1 P 0
L 1.4235875 4.499976 1.4335843 4.5099728 1 P 0
L 1.425 0.88 1.425 0.92 2 P 0
L 1.425 0.88 1.465 0.88 2 P 0
L 1.425 0.92 1.465 0.92 2 P 0
L 1.4320395 0.7672763 1.4320395 0.8072763 2 P 0
L 1.4335843 4.4499922 1.4235875 4.459989 1 P 0
L 1.4335843 4.5099728 1.4535778 4.5099728 1 P 0
L 1.4335843 4.6119883 1.4335843 4.6359806 3 P 0
L 1.4335843 4.6359806 1.4215882 4.6479767 3 P 0
L 1.4535778 4.4499922 1.4335843 4.4499922 1 P 0
L 1.4535778 4.5099728 1.4635746 4.499976 1 P 0
L 1.4575765 4.5999922 1.4815687 4.5999922 3 P 0
L 1.4635746 4.459989 1.4535778 4.4499922 1 P 0
L 1.4635746 4.499976 1.4635746 4.459989 1 P 0
L 1.465 0.88 1.465 0.92 2 P 0
L 1.4695726 4.5999922 1.4695726 4.6719689 3 P 0
L 1.4695726 4.6719689 1.4575765 4.6719689 3 P 0
L 1.4815687 4.5999922 1.4695726 4.5999922 3 P 0
L 1.4835681 4.459989 1.4835681 4.499976 1 P 0
L 1.4835681 4.499976 1.4935649 4.5099728 1 P 0
L 1.4935649 4.4499922 1.4835681 4.459989 1 P 0
L 1.4935649 4.5099728 1.5135584 4.5099728 1 P 0
L 1.5135584 4.4499922 1.4935649 4.4499922 1 P 0
L 1.5135584 4.5099728 1.5235552 4.499976 1 P 0
L 1.5175571 4.6119883 1.5175571 4.6359806 3 P 0
L 1.5175571 4.6359806 1.5295532 4.6479767 3 P 0
L 1.5235552 4.459989 1.5135584 4.4499922 1 P 0
L 1.5235552 4.499976 1.5235552 4.459989 1 P 0
L 1.5295532 4.5999922 1.5175571 4.6119883 3 P 0
L 1.5295532 4.6479767 1.5535455 4.6479767 3 P 0
L 1.5435487 4.4499922 1.5435487 4.4899793 1 P 0
L 1.5435487 4.4899793 1.5535455 4.4899793 1 P 0
L 1.5535455 4.4899793 1.5635422 4.4799825 1 P 0
L 1.5535455 4.5999922 1.5295532 4.5999922 3 P 0
L 1.5535455 4.6479767 1.5655416 4.6359806 3 P 0
L 1.5635422 4.4499922 1.5635422 4.4799825 1 P 0
L 1.5635422 4.4799825 1.5635422 4.4499922 1 P 0
L 1.5635422 4.4799825 1.573539 4.4899793 1 P 0
L 1.5655416 4.6239844 1.5175571 4.6239844 3 P 0
L 1.5655416 4.6359806 1.5655416 4.6239844 3 P 0
L 1.573539 4.4899793 1.5835358 4.4799825 1 P 0
L 1.5835358 4.4799825 1.5835358 4.4499922 1 P 0
L 1.6035293 4.4499922 1.6235228 4.4499922 1 P 0
L 1.6135261 4.4499922 1.6135261 4.4899793 1 P 0
L 1.6135261 4.4899793 1.6035293 4.4899793 1 P 0
L 1.6235228 4.4499922 1.6135261 4.4499922 1 P 0
L 1.6535131 4.4499922 1.6735066 4.4499922 1 P 0
L 1.6615105 4.6479767 1.6735066 4.6359806 3 P 0
L 1.6615105 4.6599728 1.6615105 4.6479767 3 P 0
L 1.6635099 4.4499922 1.6635099 4.5099728 1 P 0
L 1.6635099 4.5099728 1.6535131 4.5099728 1 P 0
L 1.6735066 4.4499922 1.6635099 4.4499922 1 P 0
L 1.6735066 4.5999922 1.6615105 4.6119883 3 P 0
L 1.6735066 4.6359806 1.6974989 4.6359806 3 P 0
L 1.6735066 4.6719689 1.6615105 4.6599728 3 P 0
L 1.6974989 4.5999922 1.6735066 4.5999922 3 P 0
L 1.6974989 4.6359806 1.709495 4.6239844 3 P 0
L 1.6974989 4.6719689 1.6735066 4.6719689 3 P 0
L 1.709495 4.6119883 1.6974989 4.5999922 3 P 0
L 1.709495 4.6239844 1.709495 4.6119883 3 P 0
L 1.709495 4.6599728 1.6974989 4.6719689 3 P 0
L 1.7334872 4.5999922 1.7574794 4.5999922 3 P 0
L 1.7454833 4.5999922 1.7454833 4.6479767 3 P 0
L 1.7454833 4.6479767 1.7334872 4.6479767 3 P 0
L 1.7574794 4.5999922 1.7454833 4.5999922 3 P 0
L 1.7634775 4.4699857 1.7634775 4.4899793 1 P 0
L 1.7634775 4.4899793 1.783471 4.5099728 1 P 0
L 1.783471 4.4499922 1.7634775 4.4699857 1 P 0
L 1.7934678 4.5999922 1.8414523 4.5999922 3 P 0
L 1.7934678 4.6479767 1.8414523 4.6479767 3 P 0
L 1.8134613 4.459989 1.8134613 4.499976 1 P 0
L 1.8134613 4.499976 1.8234581 4.5099728 1 P 0
L 1.8234581 4.4499922 1.8134613 4.459989 1 P 0
L 1.8234581 4.5099728 1.8434516 4.5099728 1 P 0
L 1.8414523 4.6479767 1.7934678 4.5999922 3 P 0
L 1.8434516 4.4499922 1.8234581 4.4499922 1 P 0
L 1.8434516 4.5099728 1.8534484 4.499976 1 P 0
L 1.8534484 4.459989 1.8434516 4.4499922 1 P 0
L 1.8534484 4.499976 1.8534484 4.459989 1 P 0
L 1.8654445 4.6119883 1.8654445 4.6359806 3 P 0
L 1.8654445 4.6359806 1.8774406 4.6479767 3 P 0
L 1.8734419 4.4499922 1.8734419 4.459989 1 P 0
L 1.8734419 4.459989 1.8834387 4.459989 1 P 0
L 1.8774406 4.5999922 1.8654445 4.6119883 3 P 0
L 1.8774406 4.6479767 1.9014329 4.6479767 3 P 0
L 1.8834387 4.4499922 1.8734419 4.4499922 1 P 0
L 1.8834387 4.459989 1.8834387 4.4499922 1 P 0
L 1.9014329 4.5999922 1.8774406 4.5999922 3 P 0
L 1.9014329 4.6479767 1.913429 4.6359806 3 P 0
L 1.913429 4.6239844 1.8654445 4.6239844 3 P 0
L 1.913429 4.6359806 1.913429 4.6239844 3 P 0
L 1.9234257 4.4499922 1.9634128 4.4899793 1 P 0
L 1.9334225 4.5099728 1.9234257 4.499976 1 P 0
L 1.953416 4.5099728 1.9334225 4.5099728 1 P 0
L 1.9634128 4.4499922 1.9234257 4.4499922 1 P 0
L 1.9634128 4.4899793 1.9634128 4.499976 1 P 0
L 1.9634128 4.499976 1.953416 4.5099728 1 P 0
L 1.9834063 4.459989 1.9834063 4.499976 1 P 0
L 1.9834063 4.499976 1.9934031 4.5099728 1 P 0
L 1.9934031 4.4499922 1.9834063 4.459989 1 P 0
L 1.9934031 4.5099728 2.0133966 4.5099728 1 P 0
L 10.0011555 4.6359806 10.0131516 4.6479767 3 P 0
L 10.0131516 4.6479767 10.0251478 4.6479767 3 P 0
L 10.0611361 4.6119883 10.0731322 4.6239844 3 P 0
L 10.0731322 4.5999922 10.0611361 4.6119883 3 P 0
L 10.0731322 4.6239844 10.1091206 4.6239844 3 P 0
L 10.0731322 4.6479767 10.0971245 4.6479767 3 P 0
L 10.0971245 4.6479767 10.1091206 4.6359806 3 P 0
L 10.1091206 4.5999922 10.0731322 4.5999922 3 P 0
L 10.1091206 4.6359806 10.1091206 4.5999922 3 P 0
L 10.1331128 4.5999922 10.1331128 4.6479767 3 P 0
L 10.1331128 4.6479767 10.1691012 4.6479767 3 P 0
L 10.1691012 4.6479767 10.1810973 4.6359806 3 P 0
L 10.1810973 4.6359806 10.1810973 4.5999922 3 P 0
L 10.2050895 4.6119883 10.2170856 4.5999922 3 P 0
L 10.2050895 4.6359806 10.2050895 4.6119883 3 P 0
L 10.2170856 4.5999922 10.253074 4.5999922 3 P 0
L 10.2170856 4.6479767 10.2050895 4.6359806 3 P 0
L 10.253074 4.6479767 10.2170856 4.6479767 3 P 0
L 10.2770662 4.6119883 10.2770662 4.6359806 3 P 0
L 10.2770662 4.6359806 10.2890623 4.6479767 3 P 0
L 10.2890623 4.5999922 10.2770662 4.6119883 3 P 0
L 10.2890623 4.6479767 10.3130546 4.6479767 3 P 0
L 10.3130546 4.5999922 10.2890623 4.5999922 3 P 0
L 10.3130546 4.6479767 10.3250507 4.6359806 3 P 0
L 10.3250507 4.6239844 10.2770662 4.6239844 3 P 0
L 10.3250507 4.6359806 10.3250507 4.6239844 3 P 0
L 10.4210196 4.6239844 10.4210196 4.6479767 3 P 0
L 10.4210196 4.6479767 10.4450118 4.6719689 3 P 0
L 10.4450118 4.5999922 10.4210196 4.6239844 3 P 0
L 10.4810002 4.6359806 10.5289847 4.6359806 3 P 0
L 10.5529769 4.5999922 10.5769691 4.6239844 3 P 0
L 10.5769691 4.6239844 10.5769691 4.6479767 3 P 0
L 10.5769691 4.6479767 10.5529769 4.6719689 3 P 0
L 10.6989691 4.2549922 10.6989691 4.7049922 0 P 0
L 2.0133966 4.4499922 1.9934031 4.4499922 1 P 0
L 2.0133966 4.5099728 2.0233934 4.499976 1 P 0
L 2.0233934 4.459989 2.0133966 4.4499922 1 P 0
L 2.0233934 4.499976 2.0233934 4.459989 1 P 0
L 2.0433869 4.499976 2.0533837 4.5099728 1 P 0
L 2.0533837 4.4499922 2.0433869 4.459989 1 P 0
L 2.0533837 4.5099728 2.0733772 4.5099728 1 P 0
L 2.0633804 4.4799825 2.0733772 4.4799825 1 P 0
L 2.0733772 4.4499922 2.0533837 4.4499922 1 P 0
L 2.0733772 4.4799825 2.0633804 4.4799825 1 P 0
L 2.0733772 4.4799825 2.083374 4.4699857 1 P 0
L 2.0733772 4.5099728 2.083374 4.499976 1 P 0
L 2.083374 4.459989 2.0733772 4.4499922 1 P 0
L 2.083374 4.4699857 2.083374 4.459989 1 P 0
L 2.083374 4.4899793 2.0733772 4.4799825 1 P 0
L 2.083374 4.499976 2.083374 4.4899793 1 P 0
L 2.1033675 4.4499922 2.1033675 4.4899793 1 P 0
L 2.1033675 4.4899793 2.1133643 4.4899793 1 P 0
L 2.1133643 4.4899793 2.123361 4.4799825 1 P 0
L 2.123361 4.4499922 2.123361 4.4799825 1 P 0
L 2.123361 4.4799825 2.123361 4.4499922 1 P 0
L 2.123361 4.4799825 2.1333578 4.4899793 1 P 0
L 2.1333578 4.4899793 2.1433546 4.4799825 1 P 0
L 2.1433546 4.4799825 2.1433546 4.4499922 1 P 0
L 2.1633481 4.4499922 2.1633481 4.4899793 1 P 0
L 2.1633481 4.4899793 2.1733449 4.4899793 1 P 0
L 2.1733449 4.4899793 2.1833416 4.4799825 1 P 0
L 2.1833416 4.4499922 2.1833416 4.4799825 1 P 0
L 2.1833416 4.4799825 2.1833416 4.4499922 1 P 0
L 2.1833416 4.4799825 2.1933384 4.4899793 1 P 0
L 2.1933384 4.4899793 2.2033352 4.4799825 1 P 0
L 2.2033352 4.4799825 2.2033352 4.4499922 1 P 0
L 2.2233287 4.4499922 2.2433222 4.4699857 1 P 0
L 2.2433222 4.4699857 2.2433222 4.4899793 1 P 0
L 2.2433222 4.4899793 2.2233287 4.5099728 1 P 0
L 2.3083222 4.2549922 2.3083222 4.7049922 0 P 0
L 2.3533222 4.4499922 2.3533222 4.5099728 1 P 0
L 2.3533222 4.5099728 2.3833125 4.5099728 1 P 0
L 2.3533222 4.5999922 2.3533222 4.6719689 3 P 0
L 2.3533222 4.6719689 2.3893106 4.6719689 3 P 0
L 2.3833125 4.4699857 2.3533222 4.4699857 1 P 0
L 2.3833125 4.5099728 2.3933093 4.499976 1 P 0
L 2.3893106 4.6239844 2.3533222 4.6239844 3 P 0
L 2.3893106 4.6719689 2.4013067 4.6599728 3 P 0
L 2.3933093 4.4799825 2.3833125 4.4699857 1 P 0
L 2.3933093 4.499976 2.3933093 4.4799825 1 P 0
L 2.4013067 4.6359806 2.3893106 4.6239844 3 P 0
L 2.4013067 4.6599728 2.4013067 4.6359806 3 P 0
L 2.4133028 4.5099728 2.4532899 4.5099728 1 P 0
L 2.4252989 4.5999922 2.4492911 4.5999922 3 P 0
L 2.4332963 4.5099728 2.4332963 4.4499922 1 P 0
L 2.437295 4.5999922 2.437295 4.6719689 3 P 0
L 2.437295 4.6719689 2.4252989 4.6719689 3 P 0
L 2.4492911 4.5999922 2.437295 4.5999922 3 P 0
L 2.4532899 4.5099728 2.4332963 4.5099728 1 P 0
L 2.4732834 4.4499922 2.4732834 4.4799825 1 P 0
L 2.4732834 4.4799825 2.5132705 4.4799825 1 P 0
L 2.4732834 4.5099728 2.4732834 4.4499922 1 P 0
L 2.4852795 4.6119883 2.4972756 4.6239844 3 P 0
L 2.4972756 4.5999922 2.4852795 4.6119883 3 P 0
L 2.4972756 4.6239844 2.533264 4.6239844 3 P 0
L 2.4972756 4.6479767 2.5212679 4.6479767 3 P 0
L 2.5132705 4.4799825 2.5132705 4.5099728 1 P 0
L 2.5132705 4.5099728 2.5132705 4.4499922 1 P 0
L 2.5212679 4.6479767 2.533264 4.6359806 3 P 0
L 2.533264 4.5999922 2.4972756 4.5999922 3 P 0
L 2.533264 4.6359806 2.533264 4.5999922 3 P 0
L 2.5572562 4.6479767 2.5812484 4.6479767 3 P 0
L 2.5692523 4.6119883 2.5812484 4.5999922 3 P 0
L 2.5692523 4.6479767 2.5572562 4.6479767 3 P 0
L 2.5692523 4.6479767 2.5692523 4.6119883 3 P 0
L 2.5692523 4.6599728 2.5692523 4.6479767 3 P 0
L 2.5812484 4.6479767 2.5692523 4.6479767 3 P 0
L 2.6172368 4.6119883 2.6172368 4.6359806 3 P 0
L 2.6172368 4.6359806 2.6292329 4.6479767 3 P 0
L 2.6292329 4.5999922 2.6172368 4.6119883 3 P 0
L 2.6292329 4.6479767 2.6532252 4.6479767 3 P 0
L 2.6532252 4.5999922 2.6292329 4.5999922 3 P 0
L 2.6532252 4.6479767 2.6652213 4.6359806 3 P 0
L 2.6652213 4.6239844 2.6172368 4.6239844 3 P 0
L 2.6652213 4.6359806 2.6652213 4.6239844 3 P 0
L 2.6892135 4.6119883 2.6892135 4.6359806 3 P 0
L 2.6892135 4.6359806 2.7012096 4.6479767 3 P 0
L 2.7012096 4.5999922 2.6892135 4.6119883 3 P 0
L 2.7012096 4.6479767 2.737198 4.6479767 3 P 0
L 2.737198 4.5999922 2.7012096 4.5999922 3 P 0
L 2.737198 4.6719689 2.737198 4.5999922 3 P 0
L 2.814198 4.2549922 2.814198 4.7049922 0 P 0
L 2.859198 4.4499922 2.859198 4.5099728 1 P 0
L 2.859198 4.5099728 2.8891883 4.5099728 1 P 0
L 2.859198 4.5999922 2.859198 4.6359806 3 P 0
L 2.859198 4.6359806 2.9071825 4.6359806 3 P 0
L 2.859198 4.6719689 2.859198 4.5999922 3 P 0
L 2.8791915 4.4699857 2.8991851 4.4499922 1 P 0
L 2.8891883 4.4699857 2.859198 4.4699857 1 P 0
L 2.8891883 4.5099728 2.8991851 4.499976 1 P 0
L 2.8991851 4.4799825 2.8891883 4.4699857 1 P 0
L 2.8991851 4.499976 2.8991851 4.4799825 1 P 0
L 2.9071825 4.6359806 2.9071825 4.6719689 3 P 0
L 2.9071825 4.6719689 2.9071825 4.5999922 3 P 0
L 2.9191786 4.459989 2.9291754 4.4499922 1 P 0
L 2.9191786 4.4799825 2.9191786 4.459989 1 P 0
L 2.9291754 4.4499922 2.9491689 4.4499922 1 P 0
L 2.9291754 4.4899793 2.9191786 4.4799825 1 P 0
L 2.9311747 4.6119883 2.9431708 4.5999922 3 P 0
L 2.9311747 4.6359806 2.9311747 4.6119883 3 P 0
L 2.9431708 4.5999922 2.9671631 4.5999922 3 P 0
L 2.9431708 4.6479767 2.9311747 4.6359806 3 P 0
L 2.9491689 4.4499922 2.9591657 4.459989 1 P 0
L 2.9491689 4.4899793 2.9291754 4.4899793 1 P 0
L 2.9591657 4.459989 2.9591657 4.4799825 1 P 0
L 2.9591657 4.4799825 2.9491689 4.4899793 1 P 0
L 2.9671631 4.5999922 2.9791592 4.6119883 3 P 0
L 2.9671631 4.6479767 2.9431708 4.6479767 3 P 0
L 2.9791592 4.459989 2.989156 4.4499922 1 P 0
L 2.9791592 4.4899793 2.9791592 4.459989 1 P 0
L 2.9791592 4.6119883 2.9791592 4.6359806 3 P 0
L 2.9791592 4.6359806 2.9671631 4.6479767 3 P 0
L 2.989156 4.4499922 3.0191463 4.4499922 1 P 0
L 3.0031514 4.5999922 3.0271436 4.5999922 3 P 0
L 3.0151475 4.5999922 3.0151475 4.6719689 3 P 0
L 3.0151475 4.6719689 3.0031514 4.6719689 3 P 0
L 3.0191463 4.4499922 3.0191463 4.4899793 1 P 0
L 3.0271436 4.5999922 3.0151475 4.5999922 3 P 0
L 3.0391398 4.4499922 3.0391398 4.4899793 1 P 0
L 3.0391398 4.4899793 3.0691301 4.4899793 1 P 0
L 3.063132 4.6119883 3.063132 4.6359806 3 P 0
L 3.063132 4.6359806 3.0751281 4.6479767 3 P 0
L 3.0691301 4.4899793 3.0791269 4.4799825 1 P 0
L 3.0751281 4.5999922 3.063132 4.6119883 3 P 0
L 3.0751281 4.6479767 3.0991204 4.6479767 3 P 0
L 3.0791269 4.4799825 3.0791269 4.4499922 1 P 0
L 3.0991204 4.459989 3.0991204 4.4799825 1 P 0
L 3.0991204 4.4799825 3.1091172 4.4899793 1 P 0
L 3.0991204 4.5999922 3.0751281 4.5999922 3 P 0
L 3.0991204 4.6479767 3.1111165 4.6359806 3 P 0
L 3.1091172 4.4499922 3.0991204 4.459989 1 P 0
L 3.1091172 4.4899793 3.1391075 4.4899793 1 P 0
L 3.1111165 4.6239844 3.063132 4.6239844 3 P 0
L 3.1111165 4.6359806 3.1111165 4.6239844 3 P 0
L 3.1391075 4.4499922 3.1091172 4.4499922 1 P 0
L 3.1391075 4.5099728 3.1391075 4.4499922 1 P 0
L 3.2070854 4.6719689 3.2550699 4.6719689 3 P 0
L 3.2310776 4.6719689 3.2310776 4.5999922 3 P 0
L 3.2550699 4.6719689 3.2310776 4.6719689 3 P 0
L 3.2790621 4.6119883 3.2910582 4.5999922 3 P 0
L 3.2790621 4.6479767 3.2790621 4.6119883 3 P 0
L 3.2910582 4.5999922 3.3270466 4.5999922 3 P 0
L 3.3150505 4.576 3.3030543 4.576 3 P 0
L 3.3270466 4.5879961 3.3150505 4.576 3 P 0
L 3.3270466 4.5999922 3.3270466 4.5879961 3 P 0
L 3.3270466 4.5999922 3.3270466 4.6479767 3 P 0
L 3.3510388 4.576 3.3510388 4.6479767 3 P 0
L 3.3510388 4.6479767 3.3870272 4.6479767 3 P 0
L 3.3870272 4.5999922 3.3510388 4.5999922 3 P 0
L 3.3870272 4.6479767 3.3990233 4.6359806 3 P 0
L 3.3990233 4.6119883 3.3870272 4.5999922 3 P 0
L 3.3990233 4.6359806 3.3990233 4.6119883 3 P 0
L 3.4230155 4.6119883 3.4230155 4.6359806 3 P 0
L 3.4230155 4.6359806 3.4350116 4.6479767 3 P 0
L 3.4350116 4.5999922 3.4230155 4.6119883 3 P 0
L 3.4350116 4.6479767 3.4590039 4.6479767 3 P 0
L 3.4590039 4.5999922 3.4350116 4.5999922 3 P 0
L 3.4590039 4.6479767 3.471 4.6359806 3 P 0
L 3.471 4.6239844 3.4230155 4.6239844 3 P 0
L 3.471 4.6359806 3.471 4.6239844 3 P 0
L 3.548 4.2549922 3.548 4.7049922 0 P 0
L 3.593 4.5099728 3.6329871 4.5099728 1 P 0
L 3.593 4.5999922 3.6289884 4.5999922 3 P 0
L 3.593 4.6719689 3.593 4.5999922 3 P 0
L 3.6129935 4.5099728 3.6129935 4.4499922 1 P 0
L 3.6289884 4.5999922 3.6409845 4.6119883 3 P 0
L 3.6289884 4.6719689 3.593 4.6719689 3 P 0
L 3.6329871 4.5099728 3.6129935 4.5099728 1 P 0
L 3.6409845 4.6119883 3.6409845 4.6599728 3 P 0
L 3.6409845 4.6599728 3.6289884 4.6719689 3 P 0
L 3.6529806 4.459989 3.6629774 4.4499922 1 P 0
L 3.6529806 4.4799825 3.6529806 4.459989 1 P 0
L 3.6629774 4.4499922 3.6829709 4.4499922 1 P 0
L 3.6629774 4.4899793 3.6529806 4.4799825 1 P 0
L 3.6649767 4.5999922 3.6649767 4.6239844 3 P 0
L 3.6649767 4.6239844 3.6769728 4.6359806 3 P 0
L 3.6649767 4.6479767 3.6649767 4.5999922 3 P 0
L 3.6769728 4.6359806 3.6889689 4.6479767 3 P 0
L 3.6829709 4.4499922 3.6929677 4.459989 1 P 0
L 3.6829709 4.4899793 3.6629774 4.4899793 1 P 0
L 3.6889689 4.6479767 3.7009651 4.6479767 3 P 0
L 3.6929677 4.459989 3.6929677 4.4799825 1 P 0
L 3.6929677 4.4799825 3.6829709 4.4899793 1 P 0
L 3.7129612 4.4299987 3.7129612 4.4899793 1 P 0
L 3.7129612 4.4899793 3.7429515 4.4899793 1 P 0
L 3.7369534 4.5999922 3.7609456 4.5999922 3 P 0
L 3.7429515 4.4499922 3.7129612 4.4499922 1 P 0
L 3.7429515 4.4899793 3.7529483 4.4799825 1 P 0
L 3.7489495 4.5999922 3.7489495 4.6479767 3 P 0
L 3.7489495 4.6479767 3.7369534 4.6479767 3 P 0
L 3.7529483 4.459989 3.7429515 4.4499922 1 P 0
L 3.7529483 4.4799825 3.7529483 4.459989 1 P 0
L 3.7609456 4.5999922 3.7489495 4.5999922 3 P 0
L 3.796934 4.5999922 3.8209262 4.5999922 3 P 0
L 3.8089301 4.5999922 3.8089301 4.6719689 3 P 0
L 3.8089301 4.6719689 3.796934 4.6719689 3 P 0
L 3.8209262 4.5999922 3.8089301 4.5999922 3 P 0
L 3.8329224 4.4499922 3.8729095 4.4499922 1 P 0
L 3.8329224 4.5099728 3.8329224 4.4499922 1 P 0
L 3.8569146 4.5999922 3.8809068 4.5999922 3 P 0
L 3.8689107 4.5999922 3.8689107 4.6719689 3 P 0
L 3.8689107 4.6719689 3.8569146 4.6719689 3 P 0
L 3.8809068 4.5999922 3.8689107 4.5999922 3 P 0
L 3.892903 4.459989 3.9028998 4.4699857 1 P 0
L 3.9028998 4.4499922 3.892903 4.459989 1 P 0
L 3.9028998 4.4699857 3.9328901 4.4699857 1 P 0
L 3.9028998 4.4899793 3.9228933 4.4899793 1 P 0
L 3.9228933 4.4899793 3.9328901 4.4799825 1 P 0
L 3.9328901 4.4499922 3.9028998 4.4499922 1 P 0
L 3.9328901 4.4799825 3.9328901 4.4499922 1 P 0
L 3.9528836 4.459989 3.9628804 4.4499922 1 P 0
L 3.9528836 4.4899793 3.9528836 4.459989 1 P 0
L 3.9628804 4.4499922 3.9928707 4.4499922 1 P 0
L 3.9828739 4.4299987 3.9728771 4.4299987 1 P 0
L 3.9888719 4.5999922 4.0368564 4.5999922 3 P 0
L 3.9888719 4.6719689 3.9888719 4.5999922 3 P 0
L 3.9928707 4.4399954 3.9828739 4.4299987 1 P 0
L 3.9928707 4.4499922 3.9928707 4.4399954 1 P 0
L 3.9928707 4.4499922 3.9928707 4.4899793 1 P 0
L 4.0128642 4.459989 4.0128642 4.4799825 1 P 0
L 4.0128642 4.4799825 4.022861 4.4899793 1 P 0
L 4.022861 4.4499922 4.0128642 4.459989 1 P 0
L 4.022861 4.4899793 4.0428545 4.4899793 1 P 0
L 4.0428545 4.4499922 4.022861 4.4499922 1 P 0
L 4.0428545 4.4899793 4.0528513 4.4799825 1 P 0
L 4.0528513 4.4699857 4.0128642 4.4699857 1 P 0
L 4.0528513 4.4799825 4.0528513 4.4699857 1 P 0
L 4.0608486 4.6119883 4.0728447 4.6239844 3 P 0
L 4.0728447 4.5999922 4.0608486 4.6119883 3 P 0
L 4.0728447 4.6239844 4.1088331 4.6239844 3 P 0
L 4.0728447 4.6479767 4.096837 4.6479767 3 P 0
L 4.0728448 4.4499922 4.0728448 4.4699857 1 P 0
L 4.0728448 4.4699857 4.0828416 4.4799825 1 P 0
L 4.0728448 4.4899793 4.0728448 4.4499922 1 P 0
L 4.0828416 4.4799825 4.0928383 4.4899793 1 P 0
L 4.0928383 4.4899793 4.1028351 4.4899793 1 P 0
L 4.096837 4.6479767 4.1088331 4.6359806 3 P 0
L 4.1088331 4.5999922 4.0728447 4.5999922 3 P 0
L 4.1088331 4.6359806 4.1088331 4.5999922 3 P 0
L 4.1328253 4.6119883 4.1448214 4.5999922 3 P 0
L 4.1328253 4.6479767 4.1328253 4.6119883 3 P 0
L 4.1448214 4.5999922 4.1808098 4.5999922 3 P 0
L 4.1688137 4.576 4.1568175 4.576 3 P 0
L 4.1808098 4.5879961 4.1688137 4.576 3 P 0
L 4.1808098 4.5999922 4.1808098 4.5879961 3 P 0
L 4.1808098 4.5999922 4.1808098 4.6479767 3 P 0
L 4.192806 4.4799825 4.2327931 4.4799825 1 P 0
L 4.204802 4.6119883 4.204802 4.6359806 3 P 0
L 4.204802 4.6359806 4.2167981 4.6479767 3 P 0
L 4.2167981 4.5999922 4.204802 4.6119883 3 P 0
L 4.2167981 4.6479767 4.2407904 4.6479767 3 P 0
L 4.2407904 4.5999922 4.2167981 4.5999922 3 P 0
L 4.2407904 4.6479767 4.2527865 4.6359806 3 P 0
L 4.2527865 4.6239844 4.204802 4.6239844 3 P 0
L 4.2527865 4.6359806 4.2527865 4.6239844 3 P 0
L 4.2767787 4.5999922 4.2767787 4.6239844 3 P 0
L 4.2767787 4.6239844 4.2887748 4.6359806 3 P 0
L 4.2767787 4.6479767 4.2767787 4.5999922 3 P 0
L 4.2887748 4.6359806 4.3007709 4.6479767 3 P 0
L 4.3007709 4.6479767 4.3127671 4.6479767 3 P 0
L 4.3127672 4.4499922 4.3427575 4.4499922 1 P 0
L 4.3127672 4.4799825 4.3427575 4.4799825 1 P 0
L 4.3127672 4.5099728 4.3127672 4.4499922 1 P 0
L 4.3427575 4.4499922 4.3527543 4.459989 1 P 0
L 4.3427575 4.4799825 4.3127672 4.4799825 1 P 0
L 4.3427575 4.4799825 4.3527543 4.4899793 1 P 0
L 4.3427575 4.5099728 4.3127672 4.5099728 1 P 0
L 4.3527543 4.459989 4.3527543 4.4699857 1 P 0
L 4.3527543 4.4699857 4.3427575 4.4799825 1 P 0
L 4.3527543 4.4899793 4.3527543 4.499976 1 P 0
L 4.3527543 4.499976 4.3427575 4.5099728 1 P 0
L 4.3727478 4.459989 4.3827446 4.4499922 1 P 0
L 4.3727478 4.4799825 4.3727478 4.459989 1 P 0
L 4.3827446 4.4499922 4.4027381 4.4499922 1 P 0
L 4.3827446 4.4899793 4.3727478 4.4799825 1 P 0
L 4.4027381 4.4499922 4.4127349 4.459989 1 P 0
L 4.4027381 4.4899793 4.3827446 4.4899793 1 P 0
L 4.4127349 4.459989 4.4127349 4.4799825 1 P 0
L 4.4127349 4.4799825 4.4027381 4.4899793 1 P 0
L 4.4207321 4.5999922 4.4207321 4.6719689 3 P 0
L 4.4207321 4.6719689 4.4567205 4.6719689 3 P 0
L 4.4327284 4.4899793 4.4527219 4.4899793 1 P 0
L 4.4427252 4.459989 4.4527219 4.4499922 1 P 0
L 4.4427252 4.4899793 4.4327284 4.4899793 1 P 0
L 4.4427252 4.4899793 4.4427252 4.459989 1 P 0
L 4.4427252 4.499976 4.4427252 4.4899793 1 P 0
L 4.4527219 4.4899793 4.4427252 4.4899793 1 P 0
L 4.4567205 4.6239844 4.4207321 4.6239844 3 P 0
L 4.4567205 4.6719689 4.4687166 4.6599728 3 P 0
L 4.4687166 4.6359806 4.4567205 4.6239844 3 P 0
L 4.4687166 4.6599728 4.4687166 4.6359806 3 P 0
L 4.4827122 4.4899793 4.5027057 4.4899793 1 P 0
L 4.4927088 4.6119883 4.5047049 4.6239844 3 P 0
L 4.492709 4.459989 4.5027057 4.4499922 1 P 0
L 4.492709 4.4899793 4.4827122 4.4899793 1 P 0
L 4.492709 4.4899793 4.492709 4.459989 1 P 0
L 4.492709 4.499976 4.492709 4.4899793 1 P 0
L 4.5027057 4.4899793 4.492709 4.4899793 1 P 0
L 4.5047049 4.5999922 4.4927088 4.6119883 3 P 0
L 4.5047049 4.6239844 4.5406933 4.6239844 3 P 0
L 4.5047049 4.6479767 4.5286972 4.6479767 3 P 0
L 4.5286972 4.6479767 4.5406933 4.6359806 3 P 0
L 4.532696 4.459989 4.5426928 4.4499922 1 P 0
L 4.532696 4.4799825 4.532696 4.459989 1 P 0
L 4.5406933 4.5999922 4.5047049 4.5999922 3 P 0
L 4.5406933 4.6359806 4.5406933 4.5999922 3 P 0
L 4.5426928 4.4499922 4.5626863 4.4499922 1 P 0
L 4.5426928 4.4899793 4.532696 4.4799825 1 P 0
L 4.5626863 4.4499922 4.5726831 4.459989 1 P 0
L 4.5626863 4.4899793 4.5426928 4.4899793 1 P 0
L 4.5646855 4.5999922 4.5886777 4.5999922 3 P 0
L 4.5726831 4.459989 4.5726831 4.4799825 1 P 0
L 4.5726831 4.4799825 4.5626863 4.4899793 1 P 0
L 4.5766816 4.5999922 4.5766816 4.6479767 3 P 0
L 4.5766816 4.6479767 4.5646855 4.6479767 3 P 0
L 4.5886777 4.5999922 4.5766816 4.5999922 3 P 0
L 4.5926766 4.4499922 4.5926766 4.4899793 1 P 0
L 4.5926766 4.4899793 4.6026734 4.4899793 1 P 0
L 4.6026734 4.4899793 4.6126701 4.4799825 1 P 0
L 4.6126701 4.4499922 4.6126701 4.4799825 1 P 0
L 4.6126701 4.4799825 4.6126701 4.4499922 1 P 0
L 4.6126701 4.4799825 4.6226669 4.4899793 1 P 0
L 4.6226669 4.4899793 4.6326637 4.4799825 1 P 0
L 4.6246661 4.5999922 4.6246661 4.6239844 3 P 0
L 4.6246661 4.6239844 4.6366622 4.6359806 3 P 0
L 4.6246661 4.6479767 4.6246661 4.5999922 3 P 0
L 4.6326637 4.4799825 4.6326637 4.4499922 1 P 0
L 4.6366622 4.6359806 4.6486583 4.6479767 3 P 0
L 4.6486583 4.6479767 4.6606545 4.6479767 3 P 0
L 4.7126378 4.4499922 4.7526249 4.4499922 1 P 0
L 4.7126378 4.5099728 4.7126378 4.4499922 1 P 0
L 4.7726184 4.459989 4.7826152 4.4699857 1 P 0
L 4.7826152 4.4499922 4.7726184 4.459989 1 P 0
L 4.7826152 4.4699857 4.8126055 4.4699857 1 P 0
L 4.7826152 4.4899793 4.8026087 4.4899793 1 P 0
L 4.8026087 4.4899793 4.8126055 4.4799825 1 P 0
L 4.8126055 4.4499922 4.7826152 4.4499922 1 P 0
L 4.8126055 4.4799825 4.8126055 4.4499922 1 P 0
L 4.832599 4.459989 4.8425958 4.4499922 1 P 0
L 4.832599 4.4899793 4.832599 4.459989 1 P 0
L 4.8425958 4.4499922 4.8725861 4.4499922 1 P 0
L 4.8625893 4.4299987 4.8525925 4.4299987 1 P 0
L 4.8725861 4.4399954 4.8625893 4.4299987 1 P 0
L 4.8725861 4.4499922 4.8725861 4.4399954 1 P 0
L 4.8725861 4.4499922 4.8725861 4.4899793 1 P 0
L 4.8925796 4.459989 4.8925796 4.4799825 1 P 0
L 4.8925796 4.4799825 4.9025764 4.4899793 1 P 0
L 4.9025764 4.4499922 4.8925796 4.459989 1 P 0
L 4.9025764 4.4899793 4.9225699 4.4899793 1 P 0
L 4.9225699 4.4499922 4.9025764 4.4499922 1 P 0
L 4.9225699 4.4899793 4.9325667 4.4799825 1 P 0
L 4.9325667 4.4699857 4.8925796 4.4699857 1 P 0
L 4.9325667 4.4799825 4.9325667 4.4699857 1 P 0
L 4.9525602 4.4499922 4.9525602 4.4699857 1 P 0
L 4.9525602 4.4699857 4.962557 4.4799825 1 P 0
L 4.9525602 4.4899793 4.9525602 4.4499922 1 P 0
L 4.962557 4.4799825 4.9725537 4.4899793 1 P 0
L 4.9725537 4.4899793 4.9825505 4.4899793 1 P 0
L 5.0475505 4.2549922 5.0475505 4.7049922 0 P 0
L 5.0925505 4.4699857 5.112544 4.4499922 1 P 0
L 5.0925505 4.5099728 5.0925505 4.4699857 1 P 0
L 5.0925505 4.6239844 5.1165427 4.5999922 3 P 0
L 5.0925505 4.6719689 5.0925505 4.6239844 3 P 0
L 5.112544 4.4499922 5.1325376 4.4699857 1 P 0
L 5.1165427 4.5999922 5.140535 4.6239844 3 P 0
L 5.1325376 4.4699857 5.1325376 4.5099728 1 P 0
L 5.140535 4.6239844 5.140535 4.6719689 3 P 0
L 5.1525311 4.4499922 5.1725246 4.4499922 1 P 0
L 5.1625279 4.4499922 5.1625279 4.4899793 1 P 0
L 5.1625279 4.4899793 5.1525311 4.4899793 1 P 0
L 5.1645272 4.5999922 5.1885194 4.5999922 3 P 0
L 5.1725246 4.4499922 5.1625279 4.4499922 1 P 0
L 5.1765233 4.5999922 5.1765233 4.6479767 3 P 0
L 5.1765233 4.6479767 5.1645272 4.6479767 3 P 0
L 5.1885194 4.5999922 5.1765233 4.5999922 3 P 0
L 5.2025149 4.459989 5.2125117 4.4699857 1 P 0
L 5.2125117 4.4499922 5.2025149 4.459989 1 P 0
L 5.2125117 4.4699857 5.242502 4.4699857 1 P 0
L 5.2125117 4.4899793 5.2325052 4.4899793 1 P 0
L 5.2245078 4.6119883 5.2365039 4.6239844 3 P 0
L 5.2325052 4.4899793 5.242502 4.4799825 1 P 0
L 5.2365039 4.5999922 5.2245078 4.6119883 3 P 0
L 5.2365039 4.6239844 5.2724923 4.6239844 3 P 0
L 5.2365039 4.6479767 5.2604962 4.6479767 3 P 0
L 5.242502 4.4499922 5.2125117 4.4499922 1 P 0
L 5.242502 4.4799825 5.242502 4.4499922 1 P 0
L 5.2604962 4.6479767 5.2724923 4.6359806 3 P 0
L 5.2724923 4.5999922 5.2365039 4.5999922 3 P 0
L 5.2724923 4.6359806 5.2724923 4.5999922 3 P 0
L 5.2964845 4.5999922 5.344469 4.6479767 3 P 0
L 5.3684612 4.5999922 5.3684612 4.6719689 3 P 0
L 5.3684612 4.6719689 5.4044496 4.6719689 3 P 0
L 5.4044496 4.6239844 5.3684612 4.6239844 3 P 0
L 5.4044496 4.6719689 5.4164457 4.6599728 3 P 0
L 5.4164457 4.6359806 5.4044496 4.6239844 3 P 0
L 5.4164457 4.6599728 5.4164457 4.6359806 3 P 0
L 5.4404379 4.6119883 5.452434 4.6239844 3 P 0
L 5.452434 4.5999922 5.4404379 4.6119883 3 P 0
L 5.452434 4.6239844 5.4884224 4.6239844 3 P 0
L 5.452434 4.6479767 5.4764263 4.6479767 3 P 0
L 5.4764263 4.6479767 5.4884224 4.6359806 3 P 0
L 5.4884224 4.5999922 5.452434 4.5999922 3 P 0
L 5.4884224 4.6359806 5.4884224 4.5999922 3 P 0
L 5.5124146 4.6119883 5.5124146 4.6359806 3 P 0
L 5.5124146 4.6359806 5.5244107 4.6479767 3 P 0
L 5.5244107 4.5999922 5.5124146 4.6119883 3 P 0
L 5.5244107 4.6479767 5.5603991 4.6479767 3 P 0
L 5.5603991 4.5999922 5.5244107 4.5999922 3 P 0
L 5.5603991 4.6719689 5.5603991 4.5999922 3 P 0
L 5.6373991 4.2549922 5.6373991 4.7049922 0 P 0
L 5.6823991 4.4499922 5.6823991 4.5099728 1 P 0
L 5.6823991 4.5099728 5.7123894 4.5099728 1 P 0
L 5.6823991 4.5999922 5.6823991 4.6719689 3 P 0
L 5.6823991 4.6719689 5.7183875 4.6719689 3 P 0
L 5.7023926 4.4699857 5.7223862 4.4499922 1 P 0
L 5.7123894 4.4699857 5.6823991 4.4699857 1 P 0
L 5.7123894 4.5099728 5.7223862 4.499976 1 P 0
L 5.7183875 4.6239844 5.6823991 4.6239844 3 P 0
L 5.7183875 4.6719689 5.7303836 4.6599728 3 P 0
L 5.7223862 4.4799825 5.7123894 4.4699857 1 P 0
L 5.7223862 4.499976 5.7223862 4.4799825 1 P 0
L 5.7303836 4.6359806 5.7183875 4.6239844 3 P 0
L 5.7303836 4.6599728 5.7303836 4.6359806 3 P 0
L 5.7423797 4.459989 5.7523765 4.4499922 1 P 0
L 5.7423797 4.4799825 5.7423797 4.459989 1 P 0
L 5.7523765 4.4499922 5.77237 4.4499922 1 P 0
L 5.7523765 4.4899793 5.7423797 4.4799825 1 P 0
L 5.7543758 4.6119883 5.7663719 4.6239844 3 P 0
L 5.7663719 4.5999922 5.7543758 4.6119883 3 P 0
L 5.7663719 4.6239844 5.8023603 4.6239844 3 P 0
L 5.7663719 4.6479767 5.7903642 4.6479767 3 P 0
L 5.77237 4.4499922 5.7823668 4.459989 1 P 0
L 5.77237 4.4899793 5.7523765 4.4899793 1 P 0
L 5.7823668 4.459989 5.7823668 4.4799825 1 P 0
L 5.7823668 4.4799825 5.77237 4.4899793 1 P 0
L 5.7903642 4.6479767 5.8023603 4.6359806 3 P 0
L 5.8023603 4.459989 5.8123571 4.4499922 1 P 0
L 5.8023603 4.4899793 5.8023603 4.459989 1 P 0
L 5.8023603 4.5999922 5.7663719 4.5999922 3 P 0
L 5.8023603 4.6359806 5.8023603 4.5999922 3 P 0
L 5.8123571 4.4499922 5.8423474 4.4499922 1 P 0
L 5.8263525 4.6119883 5.8263525 4.6359806 3 P 0
L 5.8263525 4.6359806 5.8383486 4.6479767 3 P 0
L 5.8383486 4.5999922 5.8263525 4.6119883 3 P 0
L 5.8383486 4.6479767 5.874337 4.6479767 3 P 0
L 5.8423474 4.4499922 5.8423474 4.4899793 1 P 0
L 5.8623409 4.4499922 5.8623409 4.4899793 1 P 0
L 5.8623409 4.4899793 5.8923312 4.4899793 1 P 0
L 5.874337 4.5999922 5.8383486 4.5999922 3 P 0
L 5.874337 4.6719689 5.874337 4.5999922 3 P 0
L 5.8923312 4.4899793 5.902328 4.4799825 1 P 0
L 5.902328 4.4799825 5.902328 4.4499922 1 P 0
L 5.9223215 4.459989 5.9223215 4.4799825 1 P 0
L 5.9223215 4.4799825 5.9323183 4.4899793 1 P 0
L 5.9323183 4.4499922 5.9223215 4.459989 1 P 0
L 5.9323183 4.4899793 5.9623086 4.4899793 1 P 0
L 5.9623086 4.4499922 5.9323183 4.4499922 1 P 0
L 5.9623086 4.5099728 5.9623086 4.4499922 1 P 0
L 5.9703059 4.6479767 5.982302 4.6359806 3 P 0
L 5.9703059 4.6599728 5.9703059 4.6479767 3 P 0
L 5.982302 4.5999922 5.9703059 4.6119883 3 P 0
L 5.982302 4.6359806 6.0062943 4.6359806 3 P 0
L 5.982302 4.6719689 5.9703059 4.6599728 3 P 0
L 5.9823021 4.459989 5.9823021 4.4799825 1 P 0
L 5.9823021 4.4799825 5.9922989 4.4899793 1 P 0
L 5.9922989 4.4499922 5.9823021 4.459989 1 P 0
L 5.9922989 4.4899793 6.0122924 4.4899793 1 P 0
L 6.0062943 4.5999922 5.982302 4.5999922 3 P 0
L 6.0062943 4.6359806 6.0182904 4.6239844 3 P 0
L 6.0062943 4.6719689 5.982302 4.6719689 3 P 0
L 6.0122924 4.4499922 5.9922989 4.4499922 1 P 0
L 6.0122924 4.4899793 6.0222892 4.4799825 1 P 0
L 6.0182904 4.6119883 6.0062943 4.5999922 3 P 0
L 6.0182904 4.6239844 6.0182904 4.6119883 3 P 0
L 6.0182904 4.6599728 6.0062943 4.6719689 3 P 0
L 6.0222892 4.4699857 5.9823021 4.4699857 1 P 0
L 6.0222892 4.4799825 6.0222892 4.4699857 1 P 0
L 6.0422826 4.5999922 6.0422826 4.6359806 3 P 0
L 6.0422826 4.6359806 6.0542787 4.6479767 3 P 0
L 6.0422826 4.6719689 6.0422826 4.5999922 3 P 0
L 6.0422827 4.459989 6.0422827 4.4799825 1 P 0
L 6.0422827 4.4799825 6.0522795 4.4899793 1 P 0
L 6.0522795 4.4499922 6.0422827 4.459989 1 P 0
L 6.0522795 4.4899793 6.0822698 4.4899793 1 P 0
L 6.0542787 4.6479767 6.078271 4.6479767 3 P 0
L 6.078271 4.6479767 6.0902671 4.6359806 3 P 0
L 6.0822698 4.4499922 6.0522795 4.4499922 1 P 0
L 6.0822698 4.5099728 6.0822698 4.4499922 1 P 0
L 6.0902671 4.6359806 6.0902671 4.5999922 3 P 0
L 6.1142593 4.6119883 6.1262554 4.6239844 3 P 0
L 6.1262554 4.5999922 6.1142593 4.6119883 3 P 0
L 6.1262554 4.6239844 6.1622438 4.6239844 3 P 0
L 6.1262554 4.6479767 6.1502477 4.6479767 3 P 0
L 6.1502477 4.6479767 6.1622438 4.6359806 3 P 0
L 6.1622438 4.5999922 6.1262554 4.5999922 3 P 0
L 6.1622438 4.6359806 6.1622438 4.5999922 3 P 0
L 6.186236 4.576 6.186236 4.6479767 3 P 0
L 6.186236 4.6479767 6.2222244 4.6479767 3 P 0
L 6.2222244 4.5999922 6.186236 4.5999922 3 P 0
L 6.2222244 4.6479767 6.2342205 4.6359806 3 P 0
L 6.2342205 4.6119883 6.2222244 4.5999922 3 P 0
L 6.2342205 4.6359806 6.2342205 4.6119883 3 P 0
L 6.2582127 4.6119883 6.2582127 4.6359806 3 P 0
L 6.2582127 4.6359806 6.2702088 4.6479767 3 P 0
L 6.2702088 4.5999922 6.2582127 4.6119883 3 P 0
L 6.2702088 4.6479767 6.2942011 4.6479767 3 P 0
L 6.2942011 4.5999922 6.2702088 4.5999922 3 P 0
L 6.2942011 4.6479767 6.3061972 4.6359806 3 P 0
L 6.3061972 4.6239844 6.2582127 4.6239844 3 P 0
L 6.3061972 4.6359806 6.3061972 4.6239844 3 P 0
L 6.3831972 4.2549922 6.3831972 4.7049922 0 P 0
L 6.4281972 4.4899793 6.4481907 4.4499922 1 P 0
L 6.4281972 4.6719689 6.4761817 4.6719689 3 P 0
L 6.4481907 4.4499922 6.4681843 4.4899793 1 P 0
L 6.4521894 4.6719689 6.4521894 4.5999922 3 P 0
L 6.4761817 4.6719689 6.4521894 4.6719689 3 P 0
L 6.4881778 4.4799825 6.5281649 4.4799825 1 P 0
L 6.5001739 4.6119883 6.5001739 4.6359806 3 P 0
L 6.5001739 4.6359806 6.51217 4.6479767 3 P 0
L 6.51217 4.5999922 6.5001739 4.6119883 3 P 0
L 6.51217 4.6479767 6.5361623 4.6479767 3 P 0
L 6.5181681 4.4499922 6.5181681 4.5099728 1 P 0
L 6.5181681 4.5099728 6.4881778 4.4799825 1 P 0
L 6.5361623 4.5999922 6.51217 4.5999922 3 P 0
L 6.5361623 4.6479767 6.5481584 4.6359806 3 P 0
L 6.5481584 4.459989 6.5481584 4.499976 1 P 0
L 6.5481584 4.499976 6.5581552 4.5099728 1 P 0
L 6.5481584 4.6239844 6.5001739 4.6239844 3 P 0
L 6.5481584 4.6359806 6.5481584 4.6239844 3 P 0
L 6.5581552 4.4499922 6.5481584 4.459989 1 P 0
L 6.5581552 4.5099728 6.5781487 4.5099728 1 P 0
L 6.5721506 4.5999922 6.5721506 4.6479767 3 P 0
L 6.5721506 4.6479767 6.5841467 4.6479767 3 P 0
L 6.5781487 4.4499922 6.5581552 4.4499922 1 P 0
L 6.5781487 4.5099728 6.5881455 4.499976 1 P 0
L 6.5841467 4.6479767 6.5961428 4.6359806 3 P 0
L 6.5881455 4.459989 6.5781487 4.4499922 1 P 0
L 6.5881455 4.499976 6.5881455 4.459989 1 P 0
L 6.5961428 4.5999922 6.5961428 4.6359806 3 P 0
L 6.5961428 4.6359806 6.5961428 4.5999922 3 P 0
L 6.5961428 4.6359806 6.608139 4.6479767 3 P 0
L 6.608139 4.4499922 6.608139 4.4799825 1 P 0
L 6.608139 4.4799825 6.6181358 4.4899793 1 P 0
L 6.608139 4.5099728 6.608139 4.4499922 1 P 0
L 6.608139 4.6479767 6.6201351 4.6359806 3 P 0
L 6.6181358 4.4899793 6.6381293 4.4899793 1 P 0
L 6.6201351 4.6359806 6.6201351 4.5999922 3 P 0
L 6.6381293 4.4899793 6.6481261 4.4799825 1 P 0
L 6.6441273 4.576 6.6441273 4.6479767 3 P 0
L 6.6441273 4.6479767 6.6801157 4.6479767 3 P 0
L 6.6481261 4.4799825 6.6481261 4.4499922 1 P 0
L 6.6681196 4.4499922 6.7081067 4.4899793 1 P 0
L 6.6781164 4.5099728 6.6681196 4.499976 1 P 0
L 6.6801157 4.5999922 6.6441273 4.5999922 3 P 0
L 6.6801157 4.6479767 6.6921118 4.6359806 3 P 0
L 6.6921118 4.6119883 6.6801157 4.5999922 3 P 0
L 6.6921118 4.6359806 6.6921118 4.6119883 3 P 0
L 6.6981099 4.5099728 6.6781164 4.5099728 1 P 0
L 6.7081067 4.4499922 6.6681196 4.4499922 1 P 0
L 6.7081067 4.4899793 6.7081067 4.499976 1 P 0
L 6.7081067 4.499976 6.6981099 4.5099728 1 P 0
L 6.716104 4.5999922 6.7400962 4.5999922 3 P 0
L 6.7281001 4.5999922 6.7281001 4.6719689 3 P 0
L 6.7281001 4.6719689 6.716104 4.6719689 3 P 0
L 6.7281002 4.459989 6.7281002 4.499976 1 P 0
L 6.7281002 4.499976 6.738097 4.5099728 1 P 0
L 6.738097 4.4499922 6.7281002 4.459989 1 P 0
L 6.738097 4.5099728 6.7580905 4.5099728 1 P 0
L 6.7400962 4.5999922 6.7281001 4.5999922 3 P 0
L 6.7580905 4.4499922 6.738097 4.4499922 1 P 0
L 6.7580905 4.5099728 6.7680873 4.499976 1 P 0
L 6.7680873 4.459989 6.7580905 4.4499922 1 P 0
L 6.7680873 4.499976 6.7680873 4.459989 1 P 0
L 6.7760846 4.6119883 6.7880807 4.6239844 3 P 0
L 6.7880807 4.5999922 6.7760846 4.6119883 3 P 0
L 6.7880807 4.6239844 6.8240691 4.6239844 3 P 0
L 6.7880807 4.6479767 6.812073 4.6479767 3 P 0
L 6.7880808 4.4499922 6.7880808 4.4899793 1 P 0
L 6.7880808 4.4899793 6.7980776 4.4899793 1 P 0
L 6.7980776 4.4899793 6.8080743 4.4799825 1 P 0
L 6.8080743 4.4499922 6.8080743 4.4799825 1 P 0
L 6.8080743 4.4799825 6.8080743 4.4499922 1 P 0
L 6.8080743 4.4799825 6.8180711 4.4899793 1 P 0
L 6.812073 4.6479767 6.8240691 4.6359806 3 P 0
L 6.8180711 4.4899793 6.8280679 4.4799825 1 P 0
L 6.8240691 4.5999922 6.7880807 4.5999922 3 P 0
L 6.8240691 4.6359806 6.8240691 4.5999922 3 P 0
L 6.8280679 4.4799825 6.8280679 4.4499922 1 P 0
L 6.8480613 4.6479767 6.8720535 4.6479767 3 P 0
L 6.8480614 4.459989 6.8480614 4.499976 1 P 0
L 6.8480614 4.499976 6.8580582 4.5099728 1 P 0
L 6.8580582 4.4499922 6.8480614 4.459989 1 P 0
L 6.8580582 4.5099728 6.8780517 4.5099728 1 P 0
L 6.8600574 4.6119883 6.8720535 4.5999922 3 P 0
L 6.8600574 4.6479767 6.8480613 4.6479767 3 P 0
L 6.8600574 4.6479767 6.8600574 4.6119883 3 P 0
L 6.8600574 4.6599728 6.8600574 4.6479767 3 P 0
L 6.8720535 4.6479767 6.8600574 4.6479767 3 P 0
L 6.8780517 4.4499922 6.8580582 4.4499922 1 P 0
L 6.8780517 4.5099728 6.8880485 4.499976 1 P 0
L 6.8880485 4.459989 6.8780517 4.4499922 1 P 0
L 6.8880485 4.499976 6.8880485 4.459989 1 P 0
L 6.9080419 4.6119883 6.9080419 4.6359806 3 P 0
L 6.9080419 4.6359806 6.920038 4.6479767 3 P 0
L 6.908042 4.4499922 6.908042 4.4899793 1 P 0
L 6.908042 4.4899793 6.9180388 4.4899793 1 P 0
L 6.9180388 4.4899793 6.9280355 4.4799825 1 P 0
L 6.920038 4.5999922 6.9080419 4.6119883 3 P 0
L 6.920038 4.6479767 6.9440303 4.6479767 3 P 0
L 6.9280355 4.4499922 6.9280355 4.4799825 1 P 0
L 6.9280355 4.4799825 6.9280355 4.4499922 1 P 0
L 6.9280355 4.4799825 6.9380323 4.4899793 1 P 0
L 6.9380323 4.4899793 6.9480291 4.4799825 1 P 0
L 6.9440303 4.5999922 6.920038 4.5999922 3 P 0
L 6.9440303 4.6479767 6.9560264 4.6359806 3 P 0
L 6.9480291 4.4799825 6.9480291 4.4499922 1 P 0
L 6.9560264 4.6239844 6.9080419 4.6239844 3 P 0
L 6.9560264 4.6359806 6.9560264 4.6239844 3 P 0
L 6.9680226 4.4899793 7.0080097 4.4499922 1 P 0
L 6.9880161 4.4699857 7.0080097 4.4899793 1 P 0
L 7.0080097 4.4499922 6.9880161 4.4699857 1 P 0
L 7.0080097 4.4899793 6.9680226 4.4499922 1 P 0
L 7.0280032 4.459989 7.0280032 4.499976 1 P 0
L 7.0280032 4.499976 7.038 4.5099728 1 P 0
L 7.038 4.4499922 7.0280032 4.459989 1 P 0
L 7.038 4.5099728 7.0579935 4.5099728 1 P 0
L 7.0579935 4.4499922 7.038 4.4499922 1 P 0
L 7.0579935 4.5099728 7.0679903 4.499976 1 P 0
L 7.0679903 4.459989 7.0579935 4.4499922 1 P 0
L 7.0679903 4.499976 7.0679903 4.459989 1 P 0
L 7.1329903 4.2549922 7.1329903 4.7049922 0 P 0
L 7.1779903 4.5999922 7.2139787 4.5999922 3 P 0
L 7.1779903 4.6719689 7.1779903 4.5999922 3 P 0
L 7.2139787 4.5999922 7.2259748 4.6119883 3 P 0
L 7.2139787 4.6719689 7.1779903 4.6719689 3 P 0
L 7.2259748 4.6119883 7.2259748 4.6599728 3 P 0
L 7.2259748 4.6599728 7.2139787 4.6719689 3 P 0
L 7.249967 4.6119883 7.249967 4.6359806 3 P 0
L 7.249967 4.6359806 7.2619631 4.6479767 3 P 0
L 7.2619631 4.5999922 7.249967 4.6119883 3 P 0
L 7.2619631 4.6479767 7.2859554 4.6479767 3 P 0
L 7.2859554 4.5999922 7.2619631 4.5999922 3 P 0
L 7.2859554 4.6479767 7.2979515 4.6359806 3 P 0
L 7.2979515 4.6239844 7.249967 4.6239844 3 P 0
L 7.2979515 4.6359806 7.2979515 4.6239844 3 P 0
L 7.3219437 4.5999922 7.3579321 4.5999922 3 P 0
L 7.3219437 4.6359806 7.3339398 4.6479767 3 P 0
L 7.3339398 4.6239844 7.3219437 4.6359806 3 P 0
L 7.3339398 4.6479767 7.3699282 4.6479767 3 P 0
L 7.3579321 4.5999922 7.3699282 4.6119883 3 P 0
L 7.3579321 4.6239844 7.3339398 4.6239844 3 P 0
L 7.3699282 4.6119883 7.3579321 4.6239844 3 P 0
L 7.3939204 4.6119883 7.4059165 4.5999922 3 P 0
L 7.3939204 4.6359806 7.3939204 4.6119883 3 P 0
L 7.4059165 4.5999922 7.4419049 4.5999922 3 P 0
L 7.4059165 4.6479767 7.3939204 4.6359806 3 P 0
L 7.4419049 4.6479767 7.4059165 4.6479767 3 P 0
L 7.4658971 4.5999922 7.4658971 4.6239844 3 P 0
L 7.4658971 4.6239844 7.4778932 4.6359806 3 P 0
L 7.4658971 4.6479767 7.4658971 4.5999922 3 P 0
L 7.4778932 4.6359806 7.4898893 4.6479767 3 P 0
L 7.4898893 4.6479767 7.5018855 4.6479767 3 P 0
L 7.5378738 4.5999922 7.561866 4.5999922 3 P 0
L 7.5498699 4.5999922 7.5498699 4.6479767 3 P 0
L 7.5498699 4.6479767 7.5378738 4.6479767 3 P 0
L 7.561866 4.5999922 7.5498699 4.5999922 3 P 0
L 7.5978544 4.576 7.5978544 4.6479767 3 P 0
L 7.5978544 4.6479767 7.6338428 4.6479767 3 P 0
L 7.6338428 4.5999922 7.5978544 4.5999922 3 P 0
L 7.6338428 4.6479767 7.6458389 4.6359806 3 P 0
L 7.6458389 4.6119883 7.6338428 4.5999922 3 P 0
L 7.6458389 4.6359806 7.6458389 4.6119883 3 P 0
L 7.6698311 4.6479767 7.6938233 4.6479767 3 P 0
L 7.6818272 4.6119883 7.6938233 4.5999922 3 P 0
L 7.6818272 4.6479767 7.6698311 4.6479767 3 P 0
L 7.6818272 4.6479767 7.6818272 4.6119883 3 P 0
L 7.6818272 4.6599728 7.6818272 4.6479767 3 P 0
L 7.6938233 4.6479767 7.6818272 4.6479767 3 P 0
L 7.7298117 4.5999922 7.7538039 4.5999922 3 P 0
L 7.7418078 4.5999922 7.7418078 4.6479767 3 P 0
L 7.7418078 4.6479767 7.7298117 4.6479767 3 P 0
L 7.7538039 4.5999922 7.7418078 4.5999922 3 P 0
L 7.7897923 4.6119883 7.8017884 4.5999922 3 P 0
L 7.7897923 4.6359806 7.7897923 4.6119883 3 P 0
L 7.8017884 4.5999922 7.8257807 4.5999922 3 P 0
L 7.8017884 4.6479767 7.7897923 4.6359806 3 P 0
L 7.8257807 4.5999922 7.8377768 4.6119883 3 P 0
L 7.8257807 4.6479767 7.8017884 4.6479767 3 P 0
L 7.8377768 4.6119883 7.8377768 4.6359806 3 P 0
L 7.8377768 4.6359806 7.8257807 4.6479767 3 P 0
L 7.861769 4.5999922 7.861769 4.6479767 3 P 0
L 7.861769 4.6479767 7.8977574 4.6479767 3 P 0
L 7.8977574 4.6479767 7.9097535 4.6359806 3 P 0
L 7.9097535 4.6359806 7.9097535 4.5999922 3 P 0
L 7.9867535 4.2549922 7.9867535 4.7049922 0 P 0
L 8.0317535 4.5999922 8.0317535 4.6359806 3 P 0
L 8.0317535 4.6359806 8.079738 4.6359806 3 P 0
L 8.0317535 4.6719689 8.0317535 4.5999922 3 P 0
L 8.079738 4.6359806 8.079738 4.6719689 3 P 0
L 8.079738 4.6719689 8.079738 4.5999922 3 P 0
L 8.1037302 4.6119883 8.1157263 4.5999922 3 P 0
L 8.1037302 4.6359806 8.1037302 4.6119883 3 P 0
L 8.1157263 4.5999922 8.1397186 4.5999922 3 P 0
L 8.1157263 4.6479767 8.1037302 4.6359806 3 P 0
L 8.1397186 4.5999922 8.1517147 4.6119883 3 P 0
L 8.1397186 4.6479767 8.1157263 4.6479767 3 P 0
L 8.1517147 4.6119883 8.1517147 4.6359806 3 P 0
L 8.1517147 4.6359806 8.1397186 4.6479767 3 P 0
L 8.1757069 4.5999922 8.1996991 4.5999922 3 P 0
L 8.187703 4.5999922 8.187703 4.6719689 3 P 0
L 8.187703 4.6719689 8.1757069 4.6719689 3 P 0
L 8.1996991 4.5999922 8.187703 4.5999922 3 P 0
L 8.2356875 4.6119883 8.2356875 4.6359806 3 P 0
L 8.2356875 4.6359806 8.2476836 4.6479767 3 P 0
L 8.2476836 4.5999922 8.2356875 4.6119883 3 P 0
L 8.2476836 4.6479767 8.2716759 4.6479767 3 P 0
L 8.2716759 4.5999922 8.2476836 4.5999922 3 P 0
L 8.2716759 4.6479767 8.283672 4.6359806 3 P 0
L 8.283672 4.6239844 8.2356875 4.6239844 3 P 0
L 8.283672 4.6359806 8.283672 4.6239844 3 P 0
L 8.3796409 4.6719689 8.4276254 4.6719689 3 P 0
L 8.4036331 4.6719689 8.4036331 4.5999922 3 P 0
L 8.4276254 4.6719689 8.4036331 4.6719689 3 P 0
L 8.4516176 4.6119883 8.4636137 4.5999922 3 P 0
L 8.4516176 4.6359806 8.4516176 4.6119883 3 P 0
L 8.4636137 4.5999922 8.487606 4.5999922 3 P 0
L 8.4636137 4.6479767 8.4516176 4.6359806 3 P 0
L 8.487606 4.5999922 8.4996021 4.6119883 3 P 0
L 8.487606 4.6479767 8.4636137 4.6479767 3 P 0
L 8.4996021 4.6119883 8.4996021 4.6359806 3 P 0
L 8.4996021 4.6359806 8.487606 4.6479767 3 P 0
L 8.5235943 4.5999922 8.5475865 4.5999922 3 P 0
L 8.5355904 4.5999922 8.5355904 4.6719689 3 P 0
L 8.5355904 4.6719689 8.5235943 4.6719689 3 P 0
L 8.5475865 4.5999922 8.5355904 4.5999922 3 P 0
L 8.5835749 4.6119883 8.5835749 4.6359806 3 P 0
L 8.5835749 4.6359806 8.595571 4.6479767 3 P 0
L 8.595571 4.5999922 8.5835749 4.6119883 3 P 0
L 8.595571 4.6479767 8.6195633 4.6479767 3 P 0
L 8.6195633 4.5999922 8.595571 4.5999922 3 P 0
L 8.6195633 4.6479767 8.6315594 4.6359806 3 P 0
L 8.6315594 4.6239844 8.5835749 4.6239844 3 P 0
L 8.6315594 4.6359806 8.6315594 4.6239844 3 P 0
L 8.6555516 4.5999922 8.6555516 4.6239844 3 P 0
L 8.6555516 4.6239844 8.6675477 4.6359806 3 P 0
L 8.6555516 4.6479767 8.6555516 4.5999922 3 P 0
L 8.6675477 4.6359806 8.6795438 4.6479767 3 P 0
L 8.6795438 4.6479767 8.69154 4.6479767 3 P 0
L 8.7275283 4.6119883 8.7395244 4.6239844 3 P 0
L 8.7395244 4.5999922 8.7275283 4.6119883 3 P 0
L 8.7395244 4.6239844 8.7755128 4.6239844 3 P 0
L 8.7395244 4.6479767 8.7635167 4.6479767 3 P 0
L 8.7635167 4.6479767 8.7755128 4.6359806 3 P 0
L 8.7755128 4.5999922 8.7395244 4.5999922 3 P 0
L 8.7755128 4.6359806 8.7755128 4.5999922 3 P 0
L 8.799505 4.5999922 8.799505 4.6479767 3 P 0
L 8.799505 4.6479767 8.8354934 4.6479767 3 P 0
L 8.8354934 4.6479767 8.8474895 4.6359806 3 P 0
L 8.8474895 4.6359806 8.8474895 4.5999922 3 P 0
L 8.8714817 4.6119883 8.8834778 4.5999922 3 P 0
L 8.8714817 4.6359806 8.8714817 4.6119883 3 P 0
L 8.8834778 4.5999922 8.9194662 4.5999922 3 P 0
L 8.8834778 4.6479767 8.8714817 4.6359806 3 P 0
L 8.9194662 4.6479767 8.8834778 4.6479767 3 P 0
L 8.9434584 4.6119883 8.9434584 4.6359806 3 P 0
L 8.9434584 4.6359806 8.9554545 4.6479767 3 P 0
L 8.9554545 4.5999922 8.9434584 4.6119883 3 P 0
L 8.9554545 4.6479767 8.9794468 4.6479767 3 P 0
L 8.9794468 4.5999922 8.9554545 4.5999922 3 P 0
L 8.9794468 4.6479767 8.9914429 4.6359806 3 P 0
L 8.9914429 4.6239844 8.9434584 4.6239844 3 P 0
L 8.9914429 4.6359806 8.9914429 4.6239844 3 P 0
L 9.0874118 4.6239844 9.0874118 4.6479767 3 P 0
L 9.0874118 4.6479767 9.111404 4.6719689 3 P 0
L 9.111404 4.5999922 9.0874118 4.6239844 3 P 0
L 9.1473924 4.6359806 9.1953769 4.6359806 3 P 0
L 9.1713846 4.6599728 9.1713846 4.6119883 3 P 0
L 9.2193691 4.5999922 9.2433613 4.6239844 3 P 0
L 9.2433613 4.6239844 9.2433613 4.6479767 3 P 0
L 9.2433613 4.6479767 9.2193691 4.6719689 3 P 0
L 9.3203613 4.2549922 9.3203613 4.7049922 0 P 0
L 9.3653613 4.5999922 9.3653613 4.6359806 3 P 0
L 9.3653613 4.6359806 9.4133458 4.6359806 3 P 0
L 9.3653613 4.6719689 9.3653613 4.5999922 3 P 0
L 9.4133458 4.6359806 9.4133458 4.6719689 3 P 0
L 9.4133458 4.6719689 9.4133458 4.5999922 3 P 0
L 9.437338 4.6119883 9.4493341 4.5999922 3 P 0
L 9.437338 4.6359806 9.437338 4.6119883 3 P 0
L 9.4493341 4.5999922 9.4733264 4.5999922 3 P 0
L 9.4493341 4.6479767 9.437338 4.6359806 3 P 0
L 9.4733264 4.5999922 9.4853225 4.6119883 3 P 0
L 9.4733264 4.6479767 9.4493341 4.6479767 3 P 0
L 9.4853225 4.6119883 9.4853225 4.6359806 3 P 0
L 9.4853225 4.6359806 9.4733264 4.6479767 3 P 0
L 9.5093147 4.5999922 9.5333069 4.5999922 3 P 0
L 9.5213108 4.5999922 9.5213108 4.6719689 3 P 0
L 9.5213108 4.6719689 9.5093147 4.6719689 3 P 0
L 9.5333069 4.5999922 9.5213108 4.5999922 3 P 0
L 9.5692953 4.6119883 9.5692953 4.6359806 3 P 0
L 9.5692953 4.6359806 9.5812914 4.6479767 3 P 0
L 9.5812914 4.5999922 9.5692953 4.6119883 3 P 0
L 9.5812914 4.6479767 9.6052837 4.6479767 3 P 0
L 9.6052837 4.5999922 9.5812914 4.5999922 3 P 0
L 9.6052837 4.6479767 9.6172798 4.6359806 3 P 0
L 9.6172798 4.6239844 9.5692953 4.6239844 3 P 0
L 9.6172798 4.6359806 9.6172798 4.6239844 3 P 0
L 9.7132487 4.6719689 9.7612332 4.6719689 3 P 0
L 9.7372409 4.6719689 9.7372409 4.5999922 3 P 0
L 9.7612332 4.6719689 9.7372409 4.6719689 3 P 0
L 9.7852254 4.6119883 9.7972215 4.5999922 3 P 0
L 9.7852254 4.6359806 9.7852254 4.6119883 3 P 0
L 9.7972215 4.5999922 9.8212138 4.5999922 3 P 0
L 9.7972215 4.6479767 9.7852254 4.6359806 3 P 0
L 9.8212138 4.5999922 9.8332099 4.6119883 3 P 0
L 9.8212138 4.6479767 9.7972215 4.6479767 3 P 0
L 9.8332099 4.6119883 9.8332099 4.6359806 3 P 0
L 9.8332099 4.6359806 9.8212138 4.6479767 3 P 0
L 9.8572021 4.5999922 9.8811943 4.5999922 3 P 0
L 9.8691982 4.5999922 9.8691982 4.6719689 3 P 0
L 9.8691982 4.6719689 9.8572021 4.6719689 3 P 0
L 9.8811943 4.5999922 9.8691982 4.5999922 3 P 0
L 9.9171827 4.6119883 9.9171827 4.6359806 3 P 0
L 9.9171827 4.6359806 9.9291788 4.6479767 3 P 0
L 9.9291788 4.5999922 9.9171827 4.6119883 3 P 0
L 9.9291788 4.6479767 9.9531711 4.6479767 3 P 0
L 9.9531711 4.5999922 9.9291788 4.5999922 3 P 0
L 9.9531711 4.6479767 9.9651672 4.6359806 3 P 0
L 9.9651672 4.6239844 9.9171827 4.6239844 3 P 0
L 9.9651672 4.6359806 9.9651672 4.6239844 3 P 0
L 9.9891594 4.5999922 9.9891594 4.6239844 3 P 0
L 9.9891594 4.6239844 10.0011555 4.6359806 3 P 0
L 9.9891594 4.6479767 9.9891594 4.5999922 3 P 0
