#Layer_Color=9474304
#
#Feature symbol names
#
$0 r5

#
#Feature attribute names
#

#
#Layer features
#
L 0.2531238 0.875 0.2611238 0.875 0 P 0
L 0.2571238 0.871 0.2571238 0.879 0 P 0
L 0.283 0.819 0.291 0.819 0 P 0
L 0.287 0.815 0.287 0.823 0 P 0
L 0.2945236 0.9565681 0.3025236 0.9565681 0 P 0
L 0.2985236 0.9525681 0.2985236 0.9605681 0 P 0
L 0.3146318 0.8553985 0.3226318 0.8553985 0 P 0
L 0.3186318 0.8513985 0.3186318 0.8593985 0 P 0
L 0.3238867 0.7343986 0.3318867 0.7343986 0 P 0
L 0.3278867 0.7303986 0.3278867 0.7383986 0 P 0
L 0.3408867 1.0354461 0.3488867 1.0354461 0 P 0
L 0.3448867 1.0314461 0.3448867 1.0394461 0 P 0
L 0.3646278 0.8079273 0.3726278 0.8079273 0 P 0
L 0.3686278 0.8039273 0.3686278 0.8119273 0 P 0
L 0.3708867 0.6543984 0.3788867 0.6543984 0 P 0
L 0.3748867 0.6503984 0.3748867 0.6583984 0 P 0
L 0.3785717 0.9580497 0.3865717 0.9580497 0 P 0
L 0.3825717 0.9540497 0.3825717 0.9620497 0 P 0
L 0.3865235 1.1135683 0.3945235 1.1135683 0 P 0
L 0.3905235 1.1095683 0.3905235 1.1175683 0 P 0
L 0.4116278 0.7279273 0.4196278 0.7279273 0 P 0
L 0.4138867 0.5753984 0.4218867 0.5753984 0 P 0
L 0.4156278 0.7239273 0.4156278 0.7319273 0 P 0
L 0.4178867 0.5713984 0.4178867 0.5793984 0 P 0
L 0.4249349 1.0369275 0.4329349 1.0369275 0 P 0
L 0.4289349 1.0329275 0.4289349 1.0409275 0 P 0
L 0.4325234 1.1925682 0.4405234 1.1925682 0 P 0
L 0.4365234 1.1885682 0.4365234 1.1965682 0 P 0
L 0.4546278 0.6489273 0.4626278 0.6489273 0 P 0
L 0.4586278 0.6449273 0.4586278 0.6529273 0 P 0
L 0.4598868 0.4963985 0.4678868 0.4963985 0 P 0
L 0.4638868 0.4923985 0.4638868 0.5003985 0 P 0
L 0.4713618 1.1149294 0.4793618 1.1149294 0 P 0
L 0.4753618 1.1109294 0.4753618 1.1189294 0 P 0
L 0.4795234 1.2695682 0.4875234 1.2695682 0 P 0
L 0.4835234 1.2655682 0.4835234 1.2735682 0 P 0
L 0.5006278 0.5699272 0.5086278 0.5699272 0 P 0
L 0.5046278 0.5659272 0.5046278 0.5739272 0 P 0
L 0.5072401 0.4177337 0.5152401 0.4177337 0 P 0
L 0.5112401 0.4137337 0.5112401 0.4217337 0 P 0
L 0.5165717 1.1940498 0.5245717 1.1940498 0 P 0
L 0.5205717 1.1900498 0.5205717 1.1980498 0 P 0
L 0.5479812 0.4912624 0.5559812 0.4912624 0 P 0
L 0.5519812 0.4872624 0.5519812 0.4952624 0 P 0
L 0.5628381 1.3865125 0.5708381 1.3865125 0 P 0
L 0.5635717 1.2710498 0.5715717 1.2710498 0 P 0
L 0.5668381 1.3825125 0.5668381 1.3905125 0 P 0
L 0.5675717 1.2670498 0.5675717 1.2750498 0 P 0
L 0.5701418 0.3796569 0.5781418 0.3796569 0 P 0
L 0.5741418 0.3756569 0.5741418 0.3836569 0 P 0
L 0.5878583 0.4103429 0.5958583 0.4103429 0 P 0
L 0.5918583 0.4063429 0.5918583 0.4143429 0 P 0
L 0.621 1.352 0.629 1.352 0 P 0
L 0.625 1.348 0.625 1.356 0 P 0
L 0.6570001 1.399 0.6650001 1.399 0 P 0
L 0.6576908 0.4196349 0.6656908 0.4196349 0 P 0
L 0.6610001 1.395 0.6610001 1.403 0 P 0
L 0.6616908 0.4156349 0.6616908 0.4236349 0 P 0
L 0.7003072 1.3269528 0.7083072 1.3269528 0 P 0
L 0.7009981 0.3475878 0.7089981 0.3475878 0 P 0
L 0.7043072 1.3229528 0.7043072 1.3309528 0 P 0
L 0.7049981 0.3435878 0.7049981 0.3515878 0 P 0
L 0.747 1.399 0.755 1.399 0 P 0
L 0.7479409 0.4206349 0.7559409 0.4206349 0 P 0
L 0.751 1.395 0.751 1.403 0 P 0
L 0.7519409 0.4166349 0.7519409 0.4246349 0 P 0
L 0.7908584 1.3261784 0.7988584 1.3261784 0 P 0
L 0.7912481 0.3485877 0.7992481 0.3485877 0 P 0
L 0.7948584 1.3221784 0.7948584 1.3301784 0 P 0
L 0.7952481 0.3445877 0.7952481 0.3525877 0 P 0
L 0.8369999 1.399 0.8449999 1.399 0 P 0
L 0.8381909 0.4206349 0.8461909 0.4206349 0 P 0
L 0.8409999 1.395 0.8409999 1.403 0 P 0
L 0.8421909 0.4166349 0.8421909 0.4246349 0 P 0
L 0.8803071 1.3269529 0.8883071 1.3269529 0 P 0
L 0.8814981 0.3485877 0.8894981 0.3485877 0 P 0
L 0.8843071 1.3229529 0.8843071 1.3309529 0 P 0
L 0.8854981 0.3445877 0.8854981 0.3525877 0 P 0
L 0.9270002 1.3990001 0.9350002 1.3990001 0 P 0
L 0.9284409 0.4196349 0.9364409 0.4196349 0 P 0
L 0.9310002 1.3950001 0.9310002 1.4030001 0 P 0
L 0.9324409 0.4156349 0.9324409 0.4236349 0 P 0
L 0.9703069 1.3269527 0.9783069 1.3269527 0 P 0
L 0.9717481 0.3475877 0.9797481 0.3475877 0 P 0
L 0.9743069 1.3229527 0.9743069 1.3309527 0 P 0
L 0.9757481 0.3435877 0.9757481 0.3515877 0 P 0
L 1.0169998 1.399 1.0249998 1.399 0 P 0
L 1.0186909 0.4196349 1.0266909 0.4196349 0 P 0
L 1.0209998 1.395 1.0209998 1.403 0 P 0
L 1.0226909 0.4156349 1.0226909 0.4236349 0 P 0
L 1.060307 1.3269528 1.068307 1.3269528 0 P 0
L 1.0619981 0.3475877 1.0699981 0.3475877 0 P 0
L 1.064307 1.3229528 1.064307 1.3309528 0 P 0
L 1.0659981 0.3435877 1.0659981 0.3515877 0 P 0
L 1.105 0.43 1.113 0.43 0 P 0
L 1.109 0.426 1.109 0.434 0 P 0
L 1.126 1.324 1.134 1.324 0 P 0
L 1.13 1.32 1.13 1.328 0 P 0
L 1.1369911 0.4667948 1.1449911 0.4667948 0 P 0
L 1.1409911 0.4627948 1.1409911 0.4707948 0 P 0
L 1.1568582 1.3793431 1.1648582 1.3793431 0 P 0
L 1.1608582 1.3753431 1.1608582 1.3833431 0 P 0
L 1.1625816 1.2415822 1.1705816 1.2415822 0 P 0
L 1.1665816 1.2375822 1.1665816 1.2455822 0 P 0
L 1.1819911 0.5457948 1.1899911 0.5457948 0 P 0
L 1.1859911 0.5417948 1.1859911 0.5497948 0 P 0
L 1.191 0.387 1.199 0.387 0 P 0
L 1.195 0.383 1.195 0.391 0 P 0
L 1.2033227 1.3151109 1.2113227 1.3151109 0 P 0
L 1.2073227 1.3111109 1.2073227 1.3191109 0 P 0
L 1.2089349 1.1609174 1.2169349 1.1609174 0 P 0
L 1.2129349 1.1569174 1.2129349 1.1649174 0 P 0
L 1.2210394 0.4682763 1.2290394 0.4682763 0 P 0
L 1.2250394 0.4642763 1.2250394 0.4722763 0 P 0
L 1.2289911 0.6267948 1.2369911 0.6267948 0 P 0
L 1.2329911 0.6227948 1.2329911 0.6307948 0 P 0
L 1.249676 1.2344461 1.257676 1.2344461 0 P 0
L 1.253676 1.2304461 1.253676 1.2384461 0 P 0
L 1.2565816 1.0795822 1.2645816 1.0795822 0 P 0
L 1.2605816 1.0755822 1.2605816 1.0835822 0 P 0
L 1.2660394 0.5472763 1.2740394 0.5472763 0 P 0
L 1.2700394 0.5432763 1.2700394 0.5512763 0 P 0
L 1.2759911 0.7067947 1.2839911 0.7067947 0 P 0
L 1.2799911 0.7027947 1.2799911 0.7107947 0 P 0
L 1.2973227 1.1531109 1.3053227 1.1531109 0 P 0
L 1.3013227 1.1491109 1.3013227 1.1571109 0 P 0
L 1.3045817 1.0005822 1.3125817 1.0005822 0 P 0
L 1.3085817 0.9965822 1.3085817 1.0045822 0 P 0
L 1.3130394 0.6282763 1.3210394 0.6282763 0 P 0
L 1.3170394 0.6242763 1.3170394 0.6322763 0 P 0
L 1.3239911 0.7857947 1.3319911 0.7857947 0 P 0
L 1.3279911 0.7817947 1.3279911 0.7897947 0 P 0
L 1.3453228 1.074111 1.3533228 1.074111 0 P 0
L 1.3493228 1.070111 1.3493228 1.078111 0 P 0
L 1.3495815 0.919582 1.3575815 0.919582 0 P 0
L 1.3535815 0.915582 1.3535815 0.923582 0 P 0
L 1.3600395 0.7082763 1.3680395 0.7082763 0 P 0
L 1.3640395 0.7042763 1.3640395 0.7122763 0 P 0
L 1.378 0.8644446 1.386 0.8644446 0 P 0
L 1.382 0.8604446 1.382 0.8684446 0 P 0
L 1.3903227 0.9931109 1.3983227 0.9931109 0 P 0
L 1.3943227 0.9891109 1.3943227 0.9971109 0 P 0
L 1.4080395 0.7872763 1.4160395 0.7872763 0 P 0
L 1.4120395 0.7832763 1.4120395 0.7912763 0 P 0
L 1.441 0.9 1.449 0.9 0 P 0
L 1.445 0.896 1.445 0.904 0 P 0
