#Layer_Color=32768
#
#Feature symbol names
#
$0 r1.9685

#
#Feature attribute names
#

#
#Layer features
#
L 0.2549449 0.853378 0.2549449 0.9006221 0 P 0
L 0.2549449 0.853378 0.337622 0.853378 0 P 0
L 0.2549449 0.9006221 0.337622 0.9006221 0 P 0
L 0.2844724 0.877 0.3080945 0.877 0 P 0
L 0.2962835 0.865189 0.2962835 0.888811 0 P 0
L 0.337622 0.853378 0.337622 0.9006221 0 P 0
L 0.5339391 1.3923135 0.5726392 1.4194116 0 P 0
L 0.5339391 1.3923135 0.5813607 1.3245884 0 P 0
L 0.5418734 0.3710107 0.582788 0.3473887 0 P 0
L 0.5418734 0.3710107 0.583212 0.4426112 0 P 0
L 0.5673249 1.3652254 0.5866749 1.3787745 0 P 0
L 0.5702253 1.381675 0.5837744 1.3623249 0 P 0
L 0.5726392 1.4194116 0.6200608 1.3516865 0 P 0
L 0.5727715 0.4009055 0.5932287 0.3890944 0 P 0
L 0.5770945 0.3847712 0.5889056 0.4052286 0 P 0
L 0.5813607 1.3245884 0.6200608 1.3516865 0 P 0
L 0.582788 0.3473887 0.6241266 0.4189891 0 P 0
L 0.583212 0.4426112 0.6241266 0.4189891 0 P 0
L 1.0979392 0.4043135 1.1366392 0.4314116 0 P 0
L 1.0979392 0.4043135 1.1453608 0.3365884 0 P 0
L 1.1108734 1.3400109 1.151788 1.3163888 0 P 0
L 1.1108734 1.3400109 1.152212 1.4116113 0 P 0
L 1.1313251 0.3772255 1.1506751 0.3907746 0 P 0
L 1.1342256 0.393675 1.1477746 0.3743249 0 P 0
L 1.1366392 0.4314116 1.184061 0.3636864 0 P 0
L 1.1417713 1.3699056 1.1622285 1.3580945 0 P 0
L 1.1453608 0.3365884 1.184061 0.3636864 0 P 0
L 1.1460944 1.3537714 1.1579055 1.3742288 0 P 0
L 1.151788 1.3163888 1.1931266 1.3879893 0 P 0
L 1.152212 1.4116113 1.1931266 1.3879893 0 P 0
L 1.3926615 0.837378 1.3926615 0.8846221 0 P 0
L 1.3926615 0.837378 1.4753386 0.837378 0 P 0
L 1.3926615 0.8846221 1.4753386 0.8846221 0 P 0
L 1.422189 0.8610001 1.4458111 0.8610001 0 P 0
L 1.434 0.8491891 1.434 0.8728111 0 P 0
L 1.4753386 0.837378 1.4753386 0.8846221 0 P 0
